 # thickness,pce,jmax,j0,jsc,vmax,voc,ff
    0.00000E+00    0.00000E+00    0.00000E+00    0.00000E+00    0.00000E+00    0.13404E+01    0.13404E+01            NaN
    0.20040E-02    0.23460E+01    0.17782E+02    0.23533E-22    0.18131E+02    0.13197E+01    0.14219E+01    0.91031E+02
    0.40080E-02    0.43413E+01    0.32953E+02    0.46897E-22    0.33599E+02    0.13179E+01    0.14200E+01    0.91022E+02
    0.60120E-02    0.60673E+01    0.46112E+02    0.70095E-22    0.47018E+02    0.13162E+01    0.14183E+01    0.91013E+02
    0.80160E-02    0.75801E+01    0.57677E+02    0.93128E-22    0.58811E+02    0.13147E+01    0.14168E+01    0.91006E+02
    0.10020E-01    0.89201E+01    0.67946E+02    0.11600E-21    0.69284E+02    0.13133E+01    0.14153E+01    0.90998E+02
    0.12024E-01    0.10117E+02    0.77141E+02    0.13871E-21    0.78661E+02    0.13119E+01    0.14140E+01    0.90992E+02
    0.14028E-01    0.11193E+02    0.85428E+02    0.16126E-21    0.87113E+02    0.13107E+01    0.14127E+01    0.90985E+02
    0.16032E-01    0.12167E+02    0.92939E+02    0.18365E-21    0.94774E+02    0.13096E+01    0.14115E+01    0.90979E+02
    0.18036E-01    0.13051E+02    0.99779E+02    0.20589E-21    0.10175E+03    0.13085E+01    0.14104E+01    0.90974E+02
    0.20040E-01    0.13858E+02    0.10603E+03    0.22797E-21    0.10813E+03    0.13074E+01    0.14094E+01    0.90969E+02
    0.22044E-01    0.14597E+02    0.11177E+03    0.24990E-21    0.11398E+03    0.13064E+01    0.14083E+01    0.90963E+02
    0.24048E-01    0.15276E+02    0.11705E+03    0.27169E-21    0.11937E+03    0.13055E+01    0.14074E+01    0.90959E+02
    0.26052E-01    0.15901E+02    0.12193E+03    0.29332E-21    0.12435E+03    0.13046E+01    0.14064E+01    0.90954E+02
    0.28056E-01    0.16479E+02    0.12644E+03    0.31481E-21    0.12895E+03    0.13037E+01    0.14056E+01    0.90949E+02
    0.30060E-01    0.17013E+02    0.13063E+03    0.33615E-21    0.13322E+03    0.13029E+01    0.14047E+01    0.90945E+02
    0.32064E-01    0.17510E+02    0.13452E+03    0.35735E-21    0.13719E+03    0.13021E+01    0.14039E+01    0.90941E+02
    0.34068E-01    0.17972E+02    0.13815E+03    0.37840E-21    0.14090E+03    0.13013E+01    0.14031E+01    0.90937E+02
    0.36072E-01    0.18402E+02    0.14154E+03    0.39932E-21    0.14436E+03    0.13005E+01    0.14023E+01    0.90933E+02
    0.38076E-01    0.18804E+02    0.14472E+03    0.42010E-21    0.14759E+03    0.12998E+01    0.14016E+01    0.90929E+02
    0.40080E-01    0.19180E+02    0.14769E+03    0.44074E-21    0.15063E+03    0.12991E+01    0.14009E+01    0.90926E+02
    0.42084E-01    0.19532E+02    0.15048E+03    0.46124E-21    0.15348E+03    0.12984E+01    0.14002E+01    0.90922E+02
    0.44088E-01    0.19863E+02    0.15311E+03    0.48161E-21    0.15616E+03    0.12978E+01    0.13995E+01    0.90919E+02
    0.46092E-01    0.20175E+02    0.15559E+03    0.50185E-21    0.15869E+03    0.12971E+01    0.13989E+01    0.90915E+02
    0.48096E-01    0.20468E+02    0.15792E+03    0.52195E-21    0.16107E+03    0.12965E+01    0.13982E+01    0.90912E+02
    0.50100E-01    0.20745E+02    0.16013E+03    0.54193E-21    0.16333E+03    0.12959E+01    0.13976E+01    0.90909E+02
    0.52104E-01    0.21006E+02    0.16222E+03    0.56178E-21    0.16546E+03    0.12953E+01    0.13970E+01    0.90906E+02
    0.54108E-01    0.21254E+02    0.16421E+03    0.58150E-21    0.16748E+03    0.12948E+01    0.13965E+01    0.90903E+02
    0.56112E-01    0.21488E+02    0.16609E+03    0.60109E-21    0.16940E+03    0.12942E+01    0.13959E+01    0.90900E+02
    0.58116E-01    0.21710E+02    0.16787E+03    0.62056E-21    0.17123E+03    0.12937E+01    0.13953E+01    0.90897E+02
    0.60120E-01    0.21921E+02    0.16958E+03    0.63991E-21    0.17297E+03    0.12932E+01    0.13948E+01    0.90895E+02
    0.62124E-01    0.22122E+02    0.17120E+03    0.65913E-21    0.17462E+03    0.12926E+01    0.13943E+01    0.90892E+02
    0.64128E-01    0.22313E+02    0.17274E+03    0.67824E-21    0.17620E+03    0.12922E+01    0.13938E+01    0.90889E+02
    0.66132E-01    0.22496E+02    0.17422E+03    0.69722E-21    0.17771E+03    0.12917E+01    0.13933E+01    0.90887E+02
    0.68136E-01    0.22669E+02    0.17563E+03    0.71609E-21    0.17915E+03    0.12912E+01    0.13928E+01    0.90884E+02
    0.70140E-01    0.22836E+02    0.17698E+03    0.73484E-21    0.18052E+03    0.12907E+01    0.13923E+01    0.90882E+02
    0.72144E-01    0.22994E+02    0.17827E+03    0.75347E-21    0.18184E+03    0.12903E+01    0.13919E+01    0.90880E+02
    0.74148E-01    0.23146E+02    0.17951E+03    0.77199E-21    0.18311E+03    0.12898E+01    0.13914E+01    0.90877E+02
    0.76152E-01    0.23292E+02    0.18070E+03    0.79040E-21    0.18432E+03    0.12894E+01    0.13910E+01    0.90875E+02
    0.78156E-01    0.23431E+02    0.18184E+03    0.80869E-21    0.18549E+03    0.12890E+01    0.13906E+01    0.90873E+02
    0.80160E-01    0.23565E+02    0.18294E+03    0.82688E-21    0.18661E+03    0.12886E+01    0.13901E+01    0.90871E+02
    0.82164E-01    0.23693E+02    0.18399E+03    0.84495E-21    0.18768E+03    0.12882E+01    0.13897E+01    0.90869E+02
    0.84168E-01    0.23817E+02    0.18501E+03    0.86291E-21    0.18872E+03    0.12878E+01    0.13893E+01    0.90867E+02
    0.86172E-01    0.23935E+02    0.18598E+03    0.88077E-21    0.18972E+03    0.12874E+01    0.13889E+01    0.90865E+02
    0.88176E-01    0.24050E+02    0.18693E+03    0.89852E-21    0.19068E+03    0.12870E+01    0.13886E+01    0.90863E+02
    0.90180E-01    0.24160E+02    0.18783E+03    0.91616E-21    0.19161E+03    0.12867E+01    0.13882E+01    0.90861E+02
    0.92184E-01    0.24266E+02    0.18871E+03    0.93370E-21    0.19250E+03    0.12863E+01    0.13878E+01    0.90859E+02
    0.94188E-01    0.24368E+02    0.18956E+03    0.95113E-21    0.19337E+03    0.12859E+01    0.13875E+01    0.90857E+02
    0.96192E-01    0.24466E+02    0.19038E+03    0.96847E-21    0.19420E+03    0.12856E+01    0.13871E+01    0.90855E+02
    0.98196E-01    0.24561E+02    0.19117E+03    0.98570E-21    0.19501E+03    0.12852E+01    0.13867E+01    0.90853E+02
    0.10020E+00    0.24653E+02    0.19193E+03    0.10028E-20    0.19579E+03    0.12849E+01    0.13864E+01    0.90851E+02
    0.10220E+00    0.24742E+02    0.19267E+03    0.10199E-20    0.19655E+03    0.12846E+01    0.13861E+01    0.90850E+02
    0.10421E+00    0.24828E+02    0.19339E+03    0.10368E-20    0.19728E+03    0.12843E+01    0.13857E+01    0.90848E+02
    0.10621E+00    0.24911E+02    0.19408E+03    0.10536E-20    0.19799E+03    0.12839E+01    0.13854E+01    0.90846E+02
    0.10822E+00    0.24991E+02    0.19476E+03    0.10704E-20    0.19868E+03    0.12836E+01    0.13851E+01    0.90845E+02
    0.11022E+00    0.25069E+02    0.19541E+03    0.10870E-20    0.19934E+03    0.12833E+01    0.13848E+01    0.90843E+02
    0.11222E+00    0.25144E+02    0.19604E+03    0.11036E-20    0.19999E+03    0.12830E+01    0.13845E+01    0.90841E+02
    0.11423E+00    0.25217E+02    0.19665E+03    0.11200E-20    0.20062E+03    0.12827E+01    0.13842E+01    0.90840E+02
    0.11623E+00    0.25288E+02    0.19725E+03    0.11364E-20    0.20123E+03    0.12824E+01    0.13839E+01    0.90838E+02
    0.11824E+00    0.25356E+02    0.19783E+03    0.11526E-20    0.20182E+03    0.12821E+01    0.13836E+01    0.90837E+02
    0.12024E+00    0.25423E+02    0.19839E+03    0.11688E-20    0.20239E+03    0.12819E+01    0.13833E+01    0.90835E+02
    0.12224E+00    0.25487E+02    0.19894E+03    0.11849E-20    0.20295E+03    0.12816E+01    0.13830E+01    0.90834E+02
    0.12425E+00    0.25550E+02    0.19947E+03    0.12009E-20    0.20349E+03    0.12813E+01    0.13827E+01    0.90832E+02
    0.12625E+00    0.25611E+02    0.19999E+03    0.12168E-20    0.20402E+03    0.12811E+01    0.13825E+01    0.90831E+02
    0.12826E+00    0.25670E+02    0.20049E+03    0.12326E-20    0.20454E+03    0.12808E+01    0.13822E+01    0.90830E+02
    0.13026E+00    0.25727E+02    0.20098E+03    0.12483E-20    0.20504E+03    0.12805E+01    0.13819E+01    0.90828E+02
    0.13226E+00    0.25783E+02    0.20146E+03    0.12640E-20    0.20552E+03    0.12803E+01    0.13817E+01    0.90827E+02
    0.13427E+00    0.25837E+02    0.20192E+03    0.12795E-20    0.20600E+03    0.12800E+01    0.13814E+01    0.90826E+02
    0.13627E+00    0.25890E+02    0.20237E+03    0.12950E-20    0.20646E+03    0.12798E+01    0.13812E+01    0.90824E+02
    0.13828E+00    0.25942E+02    0.20281E+03    0.13104E-20    0.20691E+03    0.12795E+01    0.13809E+01    0.90823E+02
    0.14028E+00    0.25992E+02    0.20324E+03    0.13257E-20    0.20735E+03    0.12793E+01    0.13807E+01    0.90822E+02
    0.14228E+00    0.26040E+02    0.20366E+03    0.13409E-20    0.20778E+03    0.12791E+01    0.13804E+01    0.90820E+02
    0.14429E+00    0.26088E+02    0.20407E+03    0.13561E-20    0.20819E+03    0.12788E+01    0.13802E+01    0.90819E+02
    0.14629E+00    0.26134E+02    0.20447E+03    0.13711E-20    0.20860E+03    0.12786E+01    0.13800E+01    0.90818E+02
    0.14830E+00    0.26179E+02    0.20485E+03    0.13861E-20    0.20900E+03    0.12784E+01    0.13797E+01    0.90817E+02
    0.15030E+00    0.26223E+02    0.20523E+03    0.14010E-20    0.20938E+03    0.12781E+01    0.13795E+01    0.90815E+02
    0.15230E+00    0.26265E+02    0.20560E+03    0.14158E-20    0.20976E+03    0.12779E+01    0.13793E+01    0.90814E+02
    0.15431E+00    0.26307E+02    0.20596E+03    0.14306E-20    0.21013E+03    0.12777E+01    0.13790E+01    0.90813E+02
    0.15631E+00    0.26348E+02    0.20632E+03    0.14452E-20    0.21049E+03    0.12775E+01    0.13788E+01    0.90812E+02
    0.15832E+00    0.26387E+02    0.20666E+03    0.14598E-20    0.21085E+03    0.12773E+01    0.13786E+01    0.90811E+02
    0.16032E+00    0.26426E+02    0.20700E+03    0.14743E-20    0.21119E+03    0.12771E+01    0.13784E+01    0.90810E+02
    0.16232E+00    0.26464E+02    0.20733E+03    0.14888E-20    0.21153E+03    0.12769E+01    0.13782E+01    0.90809E+02
    0.16433E+00    0.26501E+02    0.20765E+03    0.15031E-20    0.21185E+03    0.12766E+01    0.13780E+01    0.90808E+02
    0.16633E+00    0.26537E+02    0.20796E+03    0.15174E-20    0.21218E+03    0.12764E+01    0.13778E+01    0.90806E+02
    0.16834E+00    0.26572E+02    0.20827E+03    0.15316E-20    0.21249E+03    0.12762E+01    0.13776E+01    0.90805E+02
    0.17034E+00    0.26606E+02    0.20857E+03    0.15458E-20    0.21280E+03    0.12761E+01    0.13774E+01    0.90804E+02
    0.17234E+00    0.26639E+02    0.20887E+03    0.15598E-20    0.21310E+03    0.12759E+01    0.13772E+01    0.90803E+02
    0.17435E+00    0.26672E+02    0.20916E+03    0.15738E-20    0.21339E+03    0.12757E+01    0.13770E+01    0.90802E+02
    0.17635E+00    0.26704E+02    0.20944E+03    0.15877E-20    0.21368E+03    0.12755E+01    0.13768E+01    0.90801E+02
    0.17836E+00    0.26735E+02    0.20971E+03    0.16016E-20    0.21396E+03    0.12753E+01    0.13766E+01    0.90800E+02
    0.18036E+00    0.26766E+02    0.20998E+03    0.16154E-20    0.21424E+03    0.12751E+01    0.13764E+01    0.90799E+02
    0.18236E+00    0.26796E+02    0.21025E+03    0.16291E-20    0.21451E+03    0.12749E+01    0.13762E+01    0.90798E+02
    0.18437E+00    0.26825E+02    0.21051E+03    0.16427E-20    0.21478E+03    0.12747E+01    0.13760E+01    0.90797E+02
    0.18637E+00    0.26854E+02    0.21076E+03    0.16563E-20    0.21504E+03    0.12746E+01    0.13759E+01    0.90796E+02
    0.18838E+00    0.26882E+02    0.21101E+03    0.16698E-20    0.21529E+03    0.12744E+01    0.13757E+01    0.90796E+02
    0.19038E+00    0.26909E+02    0.21125E+03    0.16832E-20    0.21554E+03    0.12742E+01    0.13755E+01    0.90795E+02
    0.19238E+00    0.26936E+02    0.21149E+03    0.16966E-20    0.21578E+03    0.12740E+01    0.13753E+01    0.90794E+02
    0.19439E+00    0.26962E+02    0.21173E+03    0.17099E-20    0.21602E+03    0.12739E+01    0.13752E+01    0.90793E+02
    0.19639E+00    0.26988E+02    0.21196E+03    0.17232E-20    0.21626E+03    0.12737E+01    0.13750E+01    0.90792E+02
    0.19840E+00    0.27013E+02    0.21218E+03    0.17363E-20    0.21649E+03    0.12735E+01    0.13748E+01    0.90791E+02
    0.20040E+00    0.27037E+02    0.21240E+03    0.17494E-20    0.21671E+03    0.12734E+01    0.13746E+01    0.90790E+02
    0.20240E+00    0.27062E+02    0.21262E+03    0.17625E-20    0.21693E+03    0.12732E+01    0.13745E+01    0.90789E+02
    0.20441E+00    0.27085E+02    0.21283E+03    0.17755E-20    0.21715E+03    0.12731E+01    0.13743E+01    0.90788E+02
    0.20641E+00    0.27108E+02    0.21304E+03    0.17884E-20    0.21736E+03    0.12729E+01    0.13742E+01    0.90787E+02
    0.20842E+00    0.27131E+02    0.21324E+03    0.18012E-20    0.21757E+03    0.12727E+01    0.13740E+01    0.90787E+02
    0.21042E+00    0.27153E+02    0.21344E+03    0.18140E-20    0.21778E+03    0.12726E+01    0.13738E+01    0.90786E+02
    0.21242E+00    0.27175E+02    0.21364E+03    0.18268E-20    0.21798E+03    0.12724E+01    0.13737E+01    0.90785E+02
    0.21443E+00    0.27196E+02    0.21383E+03    0.18394E-20    0.21818E+03    0.12723E+01    0.13735E+01    0.90784E+02
    0.21643E+00    0.27217E+02    0.21402E+03    0.18521E-20    0.21837E+03    0.12721E+01    0.13734E+01    0.90783E+02
    0.21844E+00    0.27238E+02    0.21421E+03    0.18646E-20    0.21856E+03    0.12720E+01    0.13732E+01    0.90783E+02
    0.22044E+00    0.27258E+02    0.21439E+03    0.18771E-20    0.21875E+03    0.12718E+01    0.13731E+01    0.90782E+02
    0.22244E+00    0.27278E+02    0.21457E+03    0.18895E-20    0.21894E+03    0.12717E+01    0.13729E+01    0.90781E+02
    0.22445E+00    0.27297E+02    0.21475E+03    0.19019E-20    0.21912E+03    0.12715E+01    0.13728E+01    0.90780E+02
    0.22645E+00    0.27316E+02    0.21492E+03    0.19142E-20    0.21929E+03    0.12714E+01    0.13726E+01    0.90779E+02
    0.22846E+00    0.27335E+02    0.21509E+03    0.19265E-20    0.21947E+03    0.12713E+01    0.13725E+01    0.90779E+02
    0.23046E+00    0.27353E+02    0.21526E+03    0.19387E-20    0.21964E+03    0.12711E+01    0.13723E+01    0.90778E+02
    0.23246E+00    0.27371E+02    0.21543E+03    0.19508E-20    0.21981E+03    0.12710E+01    0.13722E+01    0.90777E+02
    0.23447E+00    0.27389E+02    0.21559E+03    0.19629E-20    0.21997E+03    0.12708E+01    0.13721E+01    0.90776E+02
    0.23647E+00    0.27406E+02    0.21575E+03    0.19749E-20    0.22014E+03    0.12707E+01    0.13719E+01    0.90776E+02
    0.23848E+00    0.27423E+02    0.21591E+03    0.19869E-20    0.22030E+03    0.12706E+01    0.13718E+01    0.90775E+02
    0.24048E+00    0.27440E+02    0.21606E+03    0.19988E-20    0.22046E+03    0.12704E+01    0.13716E+01    0.90774E+02
    0.24248E+00    0.27456E+02    0.21621E+03    0.20107E-20    0.22061E+03    0.12703E+01    0.13715E+01    0.90774E+02
    0.24449E+00    0.27472E+02    0.21636E+03    0.20225E-20    0.22076E+03    0.12702E+01    0.13714E+01    0.90773E+02
    0.24649E+00    0.27488E+02    0.21651E+03    0.20343E-20    0.22091E+03    0.12700E+01    0.13712E+01    0.90772E+02
    0.24850E+00    0.27503E+02    0.21665E+03    0.20460E-20    0.22106E+03    0.12699E+01    0.13711E+01    0.90771E+02
    0.25050E+00    0.27519E+02    0.21679E+03    0.20576E-20    0.22121E+03    0.12698E+01    0.13710E+01    0.90771E+02
    0.25251E+00    0.27534E+02    0.21693E+03    0.20692E-20    0.22135E+03    0.12697E+01    0.13709E+01    0.90770E+02
    0.25451E+00    0.27548E+02    0.21707E+03    0.20808E-20    0.22149E+03    0.12695E+01    0.13707E+01    0.90769E+02
    0.25651E+00    0.27563E+02    0.21721E+03    0.20922E-20    0.22163E+03    0.12694E+01    0.13706E+01    0.90769E+02
    0.25852E+00    0.27577E+02    0.21734E+03    0.21037E-20    0.22177E+03    0.12693E+01    0.13705E+01    0.90768E+02
    0.26052E+00    0.27591E+02    0.21747E+03    0.21151E-20    0.22190E+03    0.12692E+01    0.13703E+01    0.90767E+02
    0.26253E+00    0.27605E+02    0.21760E+03    0.21264E-20    0.22203E+03    0.12690E+01    0.13702E+01    0.90767E+02
    0.26453E+00    0.27619E+02    0.21773E+03    0.21377E-20    0.22216E+03    0.12689E+01    0.13701E+01    0.90766E+02
    0.26653E+00    0.27632E+02    0.21785E+03    0.21489E-20    0.22229E+03    0.12688E+01    0.13700E+01    0.90766E+02
    0.26854E+00    0.27645E+02    0.21798E+03    0.21601E-20    0.22242E+03    0.12687E+01    0.13699E+01    0.90765E+02
    0.27054E+00    0.27658E+02    0.21810E+03    0.21713E-20    0.22254E+03    0.12686E+01    0.13697E+01    0.90764E+02
    0.27255E+00    0.27671E+02    0.21822E+03    0.21823E-20    0.22267E+03    0.12685E+01    0.13696E+01    0.90764E+02
    0.27455E+00    0.27683E+02    0.21834E+03    0.21934E-20    0.22279E+03    0.12683E+01    0.13695E+01    0.90763E+02
    0.27655E+00    0.27696E+02    0.21845E+03    0.22044E-20    0.22291E+03    0.12682E+01    0.13694E+01    0.90762E+02
    0.27856E+00    0.27708E+02    0.21857E+03    0.22153E-20    0.22302E+03    0.12681E+01    0.13693E+01    0.90762E+02
    0.28056E+00    0.27720E+02    0.21868E+03    0.22262E-20    0.22314E+03    0.12680E+01    0.13692E+01    0.90761E+02
    0.28257E+00    0.27731E+02    0.21879E+03    0.22371E-20    0.22325E+03    0.12679E+01    0.13691E+01    0.90761E+02
    0.28457E+00    0.27743E+02    0.21890E+03    0.22479E-20    0.22337E+03    0.12678E+01    0.13689E+01    0.90760E+02
    0.28657E+00    0.27754E+02    0.21901E+03    0.22586E-20    0.22348E+03    0.12677E+01    0.13688E+01    0.90759E+02
    0.28858E+00    0.27766E+02    0.21912E+03    0.22693E-20    0.22359E+03    0.12676E+01    0.13687E+01    0.90759E+02
    0.29058E+00    0.27777E+02    0.21922E+03    0.22800E-20    0.22370E+03    0.12675E+01    0.13686E+01    0.90758E+02
    0.29259E+00    0.27787E+02    0.21933E+03    0.22906E-20    0.22380E+03    0.12674E+01    0.13685E+01    0.90758E+02
    0.29459E+00    0.27798E+02    0.21943E+03    0.23012E-20    0.22391E+03    0.12673E+01    0.13684E+01    0.90757E+02
    0.29659E+00    0.27809E+02    0.21953E+03    0.23117E-20    0.22401E+03    0.12672E+01    0.13683E+01    0.90757E+02
    0.29860E+00    0.27819E+02    0.21963E+03    0.23222E-20    0.22411E+03    0.12670E+01    0.13682E+01    0.90756E+02
    0.30060E+00    0.27829E+02    0.21973E+03    0.23326E-20    0.22421E+03    0.12669E+01    0.13681E+01    0.90756E+02
    0.30261E+00    0.27839E+02    0.21983E+03    0.23430E-20    0.22431E+03    0.12668E+01    0.13680E+01    0.90755E+02
    0.30461E+00    0.27849E+02    0.21992E+03    0.23534E-20    0.22441E+03    0.12667E+01    0.13679E+01    0.90754E+02
    0.30661E+00    0.27859E+02    0.22002E+03    0.23637E-20    0.22451E+03    0.12666E+01    0.13678E+01    0.90754E+02
    0.30862E+00    0.27869E+02    0.22011E+03    0.23739E-20    0.22461E+03    0.12665E+01    0.13677E+01    0.90753E+02
    0.31062E+00    0.27878E+02    0.22021E+03    0.23842E-20    0.22470E+03    0.12664E+01    0.13676E+01    0.90753E+02
    0.31263E+00    0.27888E+02    0.22030E+03    0.23943E-20    0.22479E+03    0.12664E+01    0.13675E+01    0.90752E+02
    0.31463E+00    0.27897E+02    0.22039E+03    0.24045E-20    0.22489E+03    0.12663E+01    0.13674E+01    0.90752E+02
    0.31663E+00    0.27906E+02    0.22048E+03    0.24146E-20    0.22498E+03    0.12662E+01    0.13673E+01    0.90751E+02
    0.31864E+00    0.27915E+02    0.22056E+03    0.24246E-20    0.22507E+03    0.12661E+01    0.13672E+01    0.90751E+02
    0.32064E+00    0.27924E+02    0.22065E+03    0.24346E-20    0.22516E+03    0.12660E+01    0.13671E+01    0.90750E+02
    0.32265E+00    0.27933E+02    0.22074E+03    0.24446E-20    0.22524E+03    0.12659E+01    0.13670E+01    0.90750E+02
    0.32465E+00    0.27941E+02    0.22082E+03    0.24545E-20    0.22533E+03    0.12658E+01    0.13669E+01    0.90749E+02
    0.32665E+00    0.27950E+02    0.22090E+03    0.24644E-20    0.22542E+03    0.12657E+01    0.13668E+01    0.90749E+02
    0.32866E+00    0.27958E+02    0.22099E+03    0.24743E-20    0.22550E+03    0.12656E+01    0.13667E+01    0.90748E+02
    0.33066E+00    0.27967E+02    0.22107E+03    0.24841E-20    0.22558E+03    0.12655E+01    0.13666E+01    0.90748E+02
    0.33267E+00    0.27975E+02    0.22115E+03    0.24938E-20    0.22567E+03    0.12654E+01    0.13665E+01    0.90747E+02
    0.33467E+00    0.27983E+02    0.22123E+03    0.25036E-20    0.22575E+03    0.12653E+01    0.13664E+01    0.90747E+02
    0.33667E+00    0.27991E+02    0.22131E+03    0.25132E-20    0.22583E+03    0.12652E+01    0.13663E+01    0.90746E+02
    0.33868E+00    0.27999E+02    0.22138E+03    0.25229E-20    0.22591E+03    0.12652E+01    0.13663E+01    0.90746E+02
    0.34068E+00    0.28007E+02    0.22146E+03    0.25325E-20    0.22599E+03    0.12651E+01    0.13662E+01    0.90745E+02
    0.34269E+00    0.28014E+02    0.22154E+03    0.25421E-20    0.22606E+03    0.12650E+01    0.13661E+01    0.90745E+02
    0.34469E+00    0.28022E+02    0.22161E+03    0.25516E-20    0.22614E+03    0.12649E+01    0.13660E+01    0.90744E+02
    0.34669E+00    0.28029E+02    0.22169E+03    0.25611E-20    0.22622E+03    0.12648E+01    0.13659E+01    0.90744E+02
    0.34870E+00    0.28037E+02    0.22176E+03    0.25706E-20    0.22629E+03    0.12647E+01    0.13658E+01    0.90743E+02
    0.35070E+00    0.28044E+02    0.22183E+03    0.25800E-20    0.22637E+03    0.12646E+01    0.13657E+01    0.90743E+02
    0.35271E+00    0.28051E+02    0.22190E+03    0.25894E-20    0.22644E+03    0.12646E+01    0.13656E+01    0.90743E+02
    0.35471E+00    0.28058E+02    0.22197E+03    0.25987E-20    0.22651E+03    0.12645E+01    0.13656E+01    0.90742E+02
    0.35671E+00    0.28065E+02    0.22204E+03    0.26080E-20    0.22658E+03    0.12644E+01    0.13655E+01    0.90742E+02
    0.35872E+00    0.28072E+02    0.22211E+03    0.26173E-20    0.22666E+03    0.12643E+01    0.13654E+01    0.90741E+02
    0.36072E+00    0.28079E+02    0.22218E+03    0.26265E-20    0.22673E+03    0.12642E+01    0.13653E+01    0.90741E+02
    0.36273E+00    0.28086E+02    0.22225E+03    0.26357E-20    0.22680E+03    0.12641E+01    0.13652E+01    0.90740E+02
    0.36473E+00    0.28093E+02    0.22232E+03    0.26449E-20    0.22686E+03    0.12641E+01    0.13651E+01    0.90740E+02
    0.36673E+00    0.28099E+02    0.22238E+03    0.26540E-20    0.22693E+03    0.12640E+01    0.13651E+01    0.90739E+02
    0.36874E+00    0.28106E+02    0.22245E+03    0.26631E-20    0.22700E+03    0.12639E+01    0.13650E+01    0.90739E+02
    0.37074E+00    0.28112E+02    0.22251E+03    0.26721E-20    0.22707E+03    0.12638E+01    0.13649E+01    0.90739E+02
    0.37275E+00    0.28119E+02    0.22258E+03    0.26812E-20    0.22713E+03    0.12637E+01    0.13648E+01    0.90738E+02
    0.37475E+00    0.28125E+02    0.22264E+03    0.26902E-20    0.22720E+03    0.12637E+01    0.13647E+01    0.90738E+02
    0.37675E+00    0.28131E+02    0.22271E+03    0.26991E-20    0.22726E+03    0.12636E+01    0.13647E+01    0.90737E+02
    0.37876E+00    0.28138E+02    0.22277E+03    0.27080E-20    0.22733E+03    0.12635E+01    0.13646E+01    0.90737E+02
    0.38076E+00    0.28144E+02    0.22283E+03    0.27169E-20    0.22739E+03    0.12634E+01    0.13645E+01    0.90737E+02
    0.38277E+00    0.28150E+02    0.22289E+03    0.27258E-20    0.22745E+03    0.12634E+01    0.13644E+01    0.90736E+02
    0.38477E+00    0.28156E+02    0.22295E+03    0.27346E-20    0.22751E+03    0.12633E+01    0.13644E+01    0.90736E+02
    0.38677E+00    0.28162E+02    0.22301E+03    0.27434E-20    0.22758E+03    0.12632E+01    0.13643E+01    0.90735E+02
    0.38878E+00    0.28167E+02    0.22307E+03    0.27521E-20    0.22764E+03    0.12631E+01    0.13642E+01    0.90735E+02
    0.39078E+00    0.28173E+02    0.22313E+03    0.27608E-20    0.22770E+03    0.12631E+01    0.13641E+01    0.90734E+02
    0.39279E+00    0.28179E+02    0.22319E+03    0.27695E-20    0.22776E+03    0.12630E+01    0.13641E+01    0.90734E+02
    0.39479E+00    0.28184E+02    0.22325E+03    0.27782E-20    0.22781E+03    0.12629E+01    0.13640E+01    0.90734E+02
    0.39679E+00    0.28190E+02    0.22330E+03    0.27868E-20    0.22787E+03    0.12628E+01    0.13639E+01    0.90733E+02
    0.39880E+00    0.28196E+02    0.22336E+03    0.27954E-20    0.22793E+03    0.12628E+01    0.13638E+01    0.90733E+02
    0.40080E+00    0.28201E+02    0.22341E+03    0.28039E-20    0.22799E+03    0.12627E+01    0.13638E+01    0.90733E+02
    0.40281E+00    0.28206E+02    0.22347E+03    0.28124E-20    0.22805E+03    0.12626E+01    0.13637E+01    0.90732E+02
    0.40481E+00    0.28212E+02    0.22352E+03    0.28209E-20    0.22810E+03    0.12626E+01    0.13636E+01    0.90732E+02
    0.40681E+00    0.28217E+02    0.22358E+03    0.28294E-20    0.22816E+03    0.12625E+01    0.13635E+01    0.90731E+02
    0.40882E+00    0.28222E+02    0.22363E+03    0.28378E-20    0.22821E+03    0.12624E+01    0.13635E+01    0.90731E+02
    0.41082E+00    0.28228E+02    0.22369E+03    0.28462E-20    0.22827E+03    0.12624E+01    0.13634E+01    0.90731E+02
    0.41283E+00    0.28233E+02    0.22374E+03    0.28546E-20    0.22832E+03    0.12623E+01    0.13633E+01    0.90730E+02
    0.41483E+00    0.28238E+02    0.22379E+03    0.28629E-20    0.22837E+03    0.12622E+01    0.13633E+01    0.90730E+02
    0.41683E+00    0.28243E+02    0.22384E+03    0.28712E-20    0.22843E+03    0.12622E+01    0.13632E+01    0.90730E+02
    0.41884E+00    0.28248E+02    0.22389E+03    0.28795E-20    0.22848E+03    0.12621E+01    0.13631E+01    0.90729E+02
    0.42084E+00    0.28253E+02    0.22394E+03    0.28877E-20    0.22853E+03    0.12620E+01    0.13631E+01    0.90729E+02
    0.42285E+00    0.28258E+02    0.22400E+03    0.28960E-20    0.22858E+03    0.12620E+01    0.13630E+01    0.90728E+02
    0.42485E+00    0.28262E+02    0.22405E+03    0.29041E-20    0.22864E+03    0.12619E+01    0.13629E+01    0.90728E+02
    0.42685E+00    0.28267E+02    0.22409E+03    0.29123E-20    0.22869E+03    0.12618E+01    0.13629E+01    0.90728E+02
    0.42886E+00    0.28272E+02    0.22414E+03    0.29204E-20    0.22874E+03    0.12618E+01    0.13628E+01    0.90727E+02
    0.43086E+00    0.28277E+02    0.22419E+03    0.29285E-20    0.22879E+03    0.12617E+01    0.13627E+01    0.90727E+02
    0.43287E+00    0.28281E+02    0.22424E+03    0.29366E-20    0.22884E+03    0.12616E+01    0.13627E+01    0.90727E+02
    0.43487E+00    0.28286E+02    0.22429E+03    0.29446E-20    0.22888E+03    0.12616E+01    0.13626E+01    0.90726E+02
    0.43687E+00    0.28290E+02    0.22434E+03    0.29526E-20    0.22893E+03    0.12615E+01    0.13625E+01    0.90726E+02
    0.43888E+00    0.28295E+02    0.22438E+03    0.29606E-20    0.22898E+03    0.12614E+01    0.13625E+01    0.90726E+02
    0.44088E+00    0.28299E+02    0.22443E+03    0.29686E-20    0.22903E+03    0.12614E+01    0.13624E+01    0.90725E+02
    0.44289E+00    0.28304E+02    0.22448E+03    0.29765E-20    0.22908E+03    0.12613E+01    0.13623E+01    0.90725E+02
    0.44489E+00    0.28308E+02    0.22452E+03    0.29844E-20    0.22912E+03    0.12613E+01    0.13623E+01    0.90725E+02
    0.44689E+00    0.28312E+02    0.22457E+03    0.29922E-20    0.22917E+03    0.12612E+01    0.13622E+01    0.90724E+02
    0.44890E+00    0.28317E+02    0.22461E+03    0.30001E-20    0.22922E+03    0.12611E+01    0.13621E+01    0.90724E+02
    0.45090E+00    0.28321E+02    0.22466E+03    0.30079E-20    0.22926E+03    0.12611E+01    0.13621E+01    0.90724E+02
    0.45291E+00    0.28325E+02    0.22470E+03    0.30157E-20    0.22931E+03    0.12610E+01    0.13620E+01    0.90723E+02
    0.45491E+00    0.28329E+02    0.22474E+03    0.30234E-20    0.22935E+03    0.12609E+01    0.13620E+01    0.90723E+02
    0.45691E+00    0.28334E+02    0.22479E+03    0.30312E-20    0.22940E+03    0.12609E+01    0.13619E+01    0.90723E+02
    0.45892E+00    0.28338E+02    0.22483E+03    0.30389E-20    0.22944E+03    0.12608E+01    0.13618E+01    0.90722E+02
    0.46092E+00    0.28342E+02    0.22487E+03    0.30465E-20    0.22948E+03    0.12608E+01    0.13618E+01    0.90722E+02
    0.46293E+00    0.28346E+02    0.22492E+03    0.30542E-20    0.22953E+03    0.12607E+01    0.13617E+01    0.90722E+02
    0.46493E+00    0.28350E+02    0.22496E+03    0.30618E-20    0.22957E+03    0.12607E+01    0.13617E+01    0.90721E+02
    0.46693E+00    0.28354E+02    0.22500E+03    0.30694E-20    0.22961E+03    0.12606E+01    0.13616E+01    0.90721E+02
    0.46894E+00    0.28358E+02    0.22504E+03    0.30770E-20    0.22966E+03    0.12605E+01    0.13615E+01    0.90721E+02
    0.47094E+00    0.28361E+02    0.22508E+03    0.30845E-20    0.22970E+03    0.12605E+01    0.13615E+01    0.90720E+02
    0.47295E+00    0.28365E+02    0.22512E+03    0.30920E-20    0.22974E+03    0.12604E+01    0.13614E+01    0.90720E+02
    0.47495E+00    0.28369E+02    0.22516E+03    0.30995E-20    0.22978E+03    0.12604E+01    0.13614E+01    0.90720E+02
    0.47695E+00    0.28373E+02    0.22520E+03    0.31070E-20    0.22982E+03    0.12603E+01    0.13613E+01    0.90719E+02
    0.47896E+00    0.28377E+02    0.22524E+03    0.31144E-20    0.22986E+03    0.12603E+01    0.13613E+01    0.90719E+02
    0.48096E+00    0.28380E+02    0.22528E+03    0.31219E-20    0.22990E+03    0.12602E+01    0.13612E+01    0.90719E+02
    0.48297E+00    0.28384E+02    0.22532E+03    0.31292E-20    0.22994E+03    0.12601E+01    0.13611E+01    0.90719E+02
    0.48497E+00    0.28388E+02    0.22536E+03    0.31366E-20    0.22998E+03    0.12601E+01    0.13611E+01    0.90718E+02
    0.48697E+00    0.28391E+02    0.22540E+03    0.31439E-20    0.23002E+03    0.12600E+01    0.13610E+01    0.90718E+02
    0.48898E+00    0.28395E+02    0.22544E+03    0.31513E-20    0.23006E+03    0.12600E+01    0.13610E+01    0.90718E+02
    0.49098E+00    0.28399E+02    0.22548E+03    0.31586E-20    0.23010E+03    0.12599E+01    0.13609E+01    0.90717E+02
    0.49299E+00    0.28402E+02    0.22551E+03    0.31658E-20    0.23014E+03    0.12599E+01    0.13609E+01    0.90717E+02
    0.49499E+00    0.28406E+02    0.22555E+03    0.31731E-20    0.23018E+03    0.12598E+01    0.13608E+01    0.90717E+02
    0.49699E+00    0.28409E+02    0.22559E+03    0.31803E-20    0.23022E+03    0.12598E+01    0.13608E+01    0.90717E+02
    0.49900E+00    0.28412E+02    0.22562E+03    0.31875E-20    0.23026E+03    0.12597E+01    0.13607E+01    0.90716E+02
    0.50100E+00    0.28416E+02    0.22566E+03    0.31946E-20    0.23029E+03    0.12597E+01    0.13606E+01    0.90716E+02
    0.50301E+00    0.28419E+02    0.22570E+03    0.32018E-20    0.23033E+03    0.12596E+01    0.13606E+01    0.90716E+02
    0.50501E+00    0.28423E+02    0.22573E+03    0.32089E-20    0.23037E+03    0.12596E+01    0.13605E+01    0.90715E+02
    0.50701E+00    0.28426E+02    0.22577E+03    0.32160E-20    0.23040E+03    0.12595E+01    0.13605E+01    0.90715E+02
    0.50902E+00    0.28429E+02    0.22581E+03    0.32231E-20    0.23044E+03    0.12594E+01    0.13604E+01    0.90715E+02
    0.51102E+00    0.28433E+02    0.22584E+03    0.32301E-20    0.23048E+03    0.12594E+01    0.13604E+01    0.90715E+02
    0.51303E+00    0.28436E+02    0.22588E+03    0.32372E-20    0.23051E+03    0.12593E+01    0.13603E+01    0.90714E+02
    0.51503E+00    0.28439E+02    0.22591E+03    0.32442E-20    0.23055E+03    0.12593E+01    0.13603E+01    0.90714E+02
    0.51703E+00    0.28442E+02    0.22594E+03    0.32511E-20    0.23058E+03    0.12592E+01    0.13602E+01    0.90714E+02
    0.51904E+00    0.28445E+02    0.22598E+03    0.32581E-20    0.23062E+03    0.12592E+01    0.13602E+01    0.90713E+02
    0.52104E+00    0.28449E+02    0.22601E+03    0.32650E-20    0.23065E+03    0.12591E+01    0.13601E+01    0.90713E+02
    0.52305E+00    0.28452E+02    0.22605E+03    0.32720E-20    0.23069E+03    0.12591E+01    0.13601E+01    0.90713E+02
    0.52505E+00    0.28455E+02    0.22608E+03    0.32788E-20    0.23072E+03    0.12590E+01    0.13600E+01    0.90713E+02
    0.52705E+00    0.28458E+02    0.22611E+03    0.32857E-20    0.23076E+03    0.12590E+01    0.13600E+01    0.90712E+02
    0.52906E+00    0.28461E+02    0.22615E+03    0.32926E-20    0.23079E+03    0.12589E+01    0.13599E+01    0.90712E+02
    0.53106E+00    0.28464E+02    0.22618E+03    0.32994E-20    0.23082E+03    0.12589E+01    0.13599E+01    0.90712E+02
    0.53307E+00    0.28467E+02    0.22621E+03    0.33062E-20    0.23086E+03    0.12588E+01    0.13598E+01    0.90712E+02
    0.53507E+00    0.28470E+02    0.22624E+03    0.33130E-20    0.23089E+03    0.12588E+01    0.13598E+01    0.90711E+02
    0.53707E+00    0.28473E+02    0.22628E+03    0.33197E-20    0.23092E+03    0.12588E+01    0.13597E+01    0.90711E+02
    0.53908E+00    0.28476E+02    0.22631E+03    0.33265E-20    0.23096E+03    0.12587E+01    0.13597E+01    0.90711E+02
    0.54108E+00    0.28479E+02    0.22634E+03    0.33332E-20    0.23099E+03    0.12587E+01    0.13596E+01    0.90710E+02
    0.54309E+00    0.28482E+02    0.22637E+03    0.33399E-20    0.23102E+03    0.12586E+01    0.13596E+01    0.90710E+02
    0.54509E+00    0.28485E+02    0.22640E+03    0.33465E-20    0.23105E+03    0.12586E+01    0.13595E+01    0.90710E+02
    0.54709E+00    0.28487E+02    0.22643E+03    0.33532E-20    0.23109E+03    0.12585E+01    0.13595E+01    0.90710E+02
    0.54910E+00    0.28490E+02    0.22647E+03    0.33598E-20    0.23112E+03    0.12585E+01    0.13594E+01    0.90709E+02
    0.55110E+00    0.28493E+02    0.22650E+03    0.33664E-20    0.23115E+03    0.12584E+01    0.13594E+01    0.90709E+02
    0.55311E+00    0.28496E+02    0.22653E+03    0.33730E-20    0.23118E+03    0.12584E+01    0.13593E+01    0.90709E+02
    0.55511E+00    0.28499E+02    0.22656E+03    0.33796E-20    0.23121E+03    0.12583E+01    0.13593E+01    0.90709E+02
    0.55711E+00    0.28501E+02    0.22659E+03    0.33861E-20    0.23124E+03    0.12583E+01    0.13592E+01    0.90708E+02
    0.55912E+00    0.28504E+02    0.22662E+03    0.33926E-20    0.23127E+03    0.12582E+01    0.13592E+01    0.90708E+02
    0.56112E+00    0.28507E+02    0.22665E+03    0.33991E-20    0.23130E+03    0.12582E+01    0.13592E+01    0.90708E+02
    0.56313E+00    0.28509E+02    0.22668E+03    0.34056E-20    0.23133E+03    0.12581E+01    0.13591E+01    0.90708E+02
    0.56513E+00    0.28512E+02    0.22671E+03    0.34121E-20    0.23136E+03    0.12581E+01    0.13591E+01    0.90707E+02
    0.56713E+00    0.28515E+02    0.22673E+03    0.34185E-20    0.23139E+03    0.12581E+01    0.13590E+01    0.90707E+02
    0.56914E+00    0.28517E+02    0.22676E+03    0.34250E-20    0.23142E+03    0.12580E+01    0.13590E+01    0.90707E+02
    0.57114E+00    0.28520E+02    0.22679E+03    0.34314E-20    0.23145E+03    0.12580E+01    0.13589E+01    0.90707E+02
    0.57315E+00    0.28523E+02    0.22682E+03    0.34378E-20    0.23148E+03    0.12579E+01    0.13589E+01    0.90706E+02
    0.57515E+00    0.28525E+02    0.22685E+03    0.34441E-20    0.23151E+03    0.12579E+01    0.13588E+01    0.90706E+02
    0.57715E+00    0.28528E+02    0.22688E+03    0.34505E-20    0.23154E+03    0.12578E+01    0.13588E+01    0.90706E+02
    0.57916E+00    0.28530E+02    0.22691E+03    0.34568E-20    0.23157E+03    0.12578E+01    0.13588E+01    0.90706E+02
    0.58116E+00    0.28533E+02    0.22693E+03    0.34631E-20    0.23160E+03    0.12578E+01    0.13587E+01    0.90706E+02
    0.58317E+00    0.28535E+02    0.22696E+03    0.34694E-20    0.23163E+03    0.12577E+01    0.13587E+01    0.90705E+02
    0.58517E+00    0.28538E+02    0.22699E+03    0.34756E-20    0.23165E+03    0.12577E+01    0.13586E+01    0.90705E+02
    0.58717E+00    0.28540E+02    0.22702E+03    0.34819E-20    0.23168E+03    0.12576E+01    0.13586E+01    0.90705E+02
    0.58918E+00    0.28543E+02    0.22704E+03    0.34881E-20    0.23171E+03    0.12576E+01    0.13585E+01    0.90705E+02
    0.59118E+00    0.28545E+02    0.22707E+03    0.34943E-20    0.23174E+03    0.12575E+01    0.13585E+01    0.90704E+02
    0.59319E+00    0.28548E+02    0.22710E+03    0.35005E-20    0.23177E+03    0.12575E+01    0.13584E+01    0.90704E+02
    0.59519E+00    0.28550E+02    0.22712E+03    0.35067E-20    0.23179E+03    0.12575E+01    0.13584E+01    0.90704E+02
    0.59719E+00    0.28552E+02    0.22715E+03    0.35128E-20    0.23182E+03    0.12574E+01    0.13584E+01    0.90704E+02
    0.59920E+00    0.28555E+02    0.22718E+03    0.35190E-20    0.23185E+03    0.12574E+01    0.13583E+01    0.90703E+02
    0.60120E+00    0.28557E+02    0.22720E+03    0.35251E-20    0.23187E+03    0.12573E+01    0.13583E+01    0.90703E+02
    0.60321E+00    0.28560E+02    0.22723E+03    0.35312E-20    0.23190E+03    0.12573E+01    0.13582E+01    0.90703E+02
    0.60521E+00    0.28562E+02    0.22725E+03    0.35373E-20    0.23193E+03    0.12573E+01    0.13582E+01    0.90703E+02
    0.60721E+00    0.28564E+02    0.22728E+03    0.35433E-20    0.23195E+03    0.12572E+01    0.13582E+01    0.90703E+02
    0.60922E+00    0.28566E+02    0.22731E+03    0.35494E-20    0.23198E+03    0.12572E+01    0.13581E+01    0.90702E+02
    0.61122E+00    0.28569E+02    0.22733E+03    0.35554E-20    0.23201E+03    0.12571E+01    0.13581E+01    0.90702E+02
    0.61323E+00    0.28571E+02    0.22736E+03    0.35614E-20    0.23203E+03    0.12571E+01    0.13580E+01    0.90702E+02
    0.61523E+00    0.28573E+02    0.22738E+03    0.35674E-20    0.23206E+03    0.12571E+01    0.13580E+01    0.90702E+02
    0.61723E+00    0.28575E+02    0.22741E+03    0.35734E-20    0.23208E+03    0.12570E+01    0.13580E+01    0.90701E+02
    0.61924E+00    0.28578E+02    0.22743E+03    0.35793E-20    0.23211E+03    0.12570E+01    0.13579E+01    0.90701E+02
    0.62124E+00    0.28580E+02    0.22746E+03    0.35852E-20    0.23213E+03    0.12569E+01    0.13579E+01    0.90701E+02
    0.62325E+00    0.28582E+02    0.22748E+03    0.35912E-20    0.23216E+03    0.12569E+01    0.13578E+01    0.90701E+02
    0.62525E+00    0.28584E+02    0.22750E+03    0.35971E-20    0.23218E+03    0.12569E+01    0.13578E+01    0.90701E+02
    0.62725E+00    0.28586E+02    0.22753E+03    0.36029E-20    0.23221E+03    0.12568E+01    0.13578E+01    0.90700E+02
    0.62926E+00    0.28589E+02    0.22755E+03    0.36088E-20    0.23223E+03    0.12568E+01    0.13577E+01    0.90700E+02
    0.63126E+00    0.28591E+02    0.22758E+03    0.36146E-20    0.23226E+03    0.12567E+01    0.13577E+01    0.90700E+02
    0.63327E+00    0.28593E+02    0.22760E+03    0.36205E-20    0.23228E+03    0.12567E+01    0.13576E+01    0.90700E+02
    0.63527E+00    0.28595E+02    0.22762E+03    0.36263E-20    0.23231E+03    0.12567E+01    0.13576E+01    0.90700E+02
    0.63727E+00    0.28597E+02    0.22765E+03    0.36321E-20    0.23233E+03    0.12566E+01    0.13576E+01    0.90699E+02
    0.63928E+00    0.28599E+02    0.22767E+03    0.36379E-20    0.23236E+03    0.12566E+01    0.13575E+01    0.90699E+02
    0.64128E+00    0.28601E+02    0.22769E+03    0.36436E-20    0.23238E+03    0.12566E+01    0.13575E+01    0.90699E+02
    0.64329E+00    0.28603E+02    0.22772E+03    0.36494E-20    0.23240E+03    0.12565E+01    0.13574E+01    0.90699E+02
    0.64529E+00    0.28605E+02    0.22774E+03    0.36551E-20    0.23243E+03    0.12565E+01    0.13574E+01    0.90699E+02
    0.64729E+00    0.28607E+02    0.22776E+03    0.36608E-20    0.23245E+03    0.12564E+01    0.13574E+01    0.90698E+02
    0.64930E+00    0.28609E+02    0.22779E+03    0.36665E-20    0.23247E+03    0.12564E+01    0.13573E+01    0.90698E+02
    0.65130E+00    0.28611E+02    0.22781E+03    0.36722E-20    0.23250E+03    0.12564E+01    0.13573E+01    0.90698E+02
    0.65331E+00    0.28613E+02    0.22783E+03    0.36779E-20    0.23252E+03    0.12563E+01    0.13573E+01    0.90698E+02
    0.65531E+00    0.28615E+02    0.22785E+03    0.36835E-20    0.23254E+03    0.12563E+01    0.13572E+01    0.90698E+02
    0.65731E+00    0.28617E+02    0.22788E+03    0.36891E-20    0.23257E+03    0.12563E+01    0.13572E+01    0.90697E+02
    0.65932E+00    0.28619E+02    0.22790E+03    0.36947E-20    0.23259E+03    0.12562E+01    0.13571E+01    0.90697E+02
    0.66132E+00    0.28621E+02    0.22792E+03    0.37003E-20    0.23261E+03    0.12562E+01    0.13571E+01    0.90697E+02
    0.66333E+00    0.28623E+02    0.22794E+03    0.37059E-20    0.23263E+03    0.12561E+01    0.13571E+01    0.90697E+02
    0.66533E+00    0.28625E+02    0.22796E+03    0.37115E-20    0.23266E+03    0.12561E+01    0.13570E+01    0.90697E+02
    0.66733E+00    0.28627E+02    0.22799E+03    0.37170E-20    0.23268E+03    0.12561E+01    0.13570E+01    0.90696E+02
    0.66934E+00    0.28629E+02    0.22801E+03    0.37226E-20    0.23270E+03    0.12560E+01    0.13570E+01    0.90696E+02
    0.67134E+00    0.28631E+02    0.22803E+03    0.37281E-20    0.23272E+03    0.12560E+01    0.13569E+01    0.90696E+02
    0.67335E+00    0.28633E+02    0.22805E+03    0.37336E-20    0.23274E+03    0.12560E+01    0.13569E+01    0.90696E+02
    0.67535E+00    0.28635E+02    0.22807E+03    0.37391E-20    0.23277E+03    0.12559E+01    0.13569E+01    0.90696E+02
    0.67735E+00    0.28636E+02    0.22809E+03    0.37446E-20    0.23279E+03    0.12559E+01    0.13568E+01    0.90695E+02
    0.67936E+00    0.28638E+02    0.22811E+03    0.37500E-20    0.23281E+03    0.12559E+01    0.13568E+01    0.90695E+02
    0.68136E+00    0.28640E+02    0.22813E+03    0.37554E-20    0.23283E+03    0.12558E+01    0.13567E+01    0.90695E+02
    0.68337E+00    0.28642E+02    0.22816E+03    0.37609E-20    0.23285E+03    0.12558E+01    0.13567E+01    0.90695E+02
    0.68537E+00    0.28644E+02    0.22818E+03    0.37663E-20    0.23287E+03    0.12558E+01    0.13567E+01    0.90695E+02
    0.68737E+00    0.28646E+02    0.22820E+03    0.37717E-20    0.23289E+03    0.12557E+01    0.13566E+01    0.90694E+02
    0.68938E+00    0.28647E+02    0.22822E+03    0.37771E-20    0.23292E+03    0.12557E+01    0.13566E+01    0.90694E+02
    0.69138E+00    0.28649E+02    0.22824E+03    0.37824E-20    0.23294E+03    0.12557E+01    0.13566E+01    0.90694E+02
    0.69339E+00    0.28651E+02    0.22826E+03    0.37878E-20    0.23296E+03    0.12556E+01    0.13565E+01    0.90694E+02
    0.69539E+00    0.28653E+02    0.22828E+03    0.37931E-20    0.23298E+03    0.12556E+01    0.13565E+01    0.90694E+02
    0.69739E+00    0.28654E+02    0.22830E+03    0.37984E-20    0.23300E+03    0.12556E+01    0.13565E+01    0.90694E+02
    0.69940E+00    0.28656E+02    0.22832E+03    0.38037E-20    0.23302E+03    0.12555E+01    0.13564E+01    0.90693E+02
    0.70140E+00    0.28658E+02    0.22834E+03    0.38090E-20    0.23304E+03    0.12555E+01    0.13564E+01    0.90693E+02
    0.70341E+00    0.28660E+02    0.22836E+03    0.38143E-20    0.23306E+03    0.12555E+01    0.13564E+01    0.90693E+02
    0.70541E+00    0.28661E+02    0.22838E+03    0.38196E-20    0.23308E+03    0.12554E+01    0.13563E+01    0.90693E+02
    0.70741E+00    0.28663E+02    0.22840E+03    0.38248E-20    0.23310E+03    0.12554E+01    0.13563E+01    0.90693E+02
    0.70942E+00    0.28665E+02    0.22842E+03    0.38300E-20    0.23312E+03    0.12554E+01    0.13563E+01    0.90692E+02
    0.71142E+00    0.28666E+02    0.22843E+03    0.38353E-20    0.23314E+03    0.12553E+01    0.13562E+01    0.90692E+02
    0.71343E+00    0.28668E+02    0.22845E+03    0.38405E-20    0.23316E+03    0.12553E+01    0.13562E+01    0.90692E+02
    0.71543E+00    0.28670E+02    0.22847E+03    0.38457E-20    0.23318E+03    0.12553E+01    0.13562E+01    0.90692E+02
    0.71743E+00    0.28671E+02    0.22849E+03    0.38508E-20    0.23320E+03    0.12552E+01    0.13561E+01    0.90692E+02
    0.71944E+00    0.28673E+02    0.22851E+03    0.38560E-20    0.23322E+03    0.12552E+01    0.13561E+01    0.90692E+02
    0.72144E+00    0.28675E+02    0.22853E+03    0.38611E-20    0.23324E+03    0.12552E+01    0.13561E+01    0.90691E+02
    0.72345E+00    0.28676E+02    0.22855E+03    0.38663E-20    0.23326E+03    0.12551E+01    0.13560E+01    0.90691E+02
    0.72545E+00    0.28678E+02    0.22857E+03    0.38714E-20    0.23328E+03    0.12551E+01    0.13560E+01    0.90691E+02
    0.72745E+00    0.28680E+02    0.22859E+03    0.38765E-20    0.23329E+03    0.12551E+01    0.13560E+01    0.90691E+02
    0.72946E+00    0.28681E+02    0.22860E+03    0.38816E-20    0.23331E+03    0.12550E+01    0.13559E+01    0.90691E+02
    0.73146E+00    0.28683E+02    0.22862E+03    0.38867E-20    0.23333E+03    0.12550E+01    0.13559E+01    0.90691E+02
    0.73347E+00    0.28684E+02    0.22864E+03    0.38917E-20    0.23335E+03    0.12550E+01    0.13559E+01    0.90690E+02
    0.73547E+00    0.28686E+02    0.22866E+03    0.38968E-20    0.23337E+03    0.12550E+01    0.13559E+01    0.90690E+02
    0.73747E+00    0.28688E+02    0.22868E+03    0.39018E-20    0.23339E+03    0.12549E+01    0.13558E+01    0.90690E+02
    0.73948E+00    0.28689E+02    0.22870E+03    0.39068E-20    0.23341E+03    0.12549E+01    0.13558E+01    0.90690E+02
    0.74148E+00    0.28691E+02    0.22871E+03    0.39119E-20    0.23343E+03    0.12549E+01    0.13558E+01    0.90690E+02
    0.74349E+00    0.28692E+02    0.22873E+03    0.39169E-20    0.23344E+03    0.12548E+01    0.13557E+01    0.90690E+02
    0.74549E+00    0.28694E+02    0.22875E+03    0.39218E-20    0.23346E+03    0.12548E+01    0.13557E+01    0.90689E+02
    0.74749E+00    0.28695E+02    0.22877E+03    0.39268E-20    0.23348E+03    0.12548E+01    0.13557E+01    0.90689E+02
    0.74950E+00    0.28697E+02    0.22878E+03    0.39318E-20    0.23350E+03    0.12547E+01    0.13556E+01    0.90689E+02
    0.75150E+00    0.28698E+02    0.22880E+03    0.39367E-20    0.23352E+03    0.12547E+01    0.13556E+01    0.90689E+02
    0.75351E+00    0.28700E+02    0.22882E+03    0.39416E-20    0.23353E+03    0.12547E+01    0.13556E+01    0.90689E+02
    0.75551E+00    0.28701E+02    0.22884E+03    0.39466E-20    0.23355E+03    0.12547E+01    0.13555E+01    0.90689E+02
    0.75752E+00    0.28703E+02    0.22885E+03    0.39515E-20    0.23357E+03    0.12546E+01    0.13555E+01    0.90688E+02
    0.75952E+00    0.28704E+02    0.22887E+03    0.39563E-20    0.23359E+03    0.12546E+01    0.13555E+01    0.90688E+02
    0.76152E+00    0.28706E+02    0.22889E+03    0.39612E-20    0.23360E+03    0.12546E+01    0.13555E+01    0.90688E+02
    0.76353E+00    0.28707E+02    0.22891E+03    0.39661E-20    0.23362E+03    0.12545E+01    0.13554E+01    0.90688E+02
    0.76553E+00    0.28709E+02    0.22892E+03    0.39709E-20    0.23364E+03    0.12545E+01    0.13554E+01    0.90688E+02
    0.76754E+00    0.28710E+02    0.22894E+03    0.39758E-20    0.23366E+03    0.12545E+01    0.13554E+01    0.90688E+02
    0.76954E+00    0.28712E+02    0.22896E+03    0.39806E-20    0.23367E+03    0.12545E+01    0.13553E+01    0.90687E+02
    0.77154E+00    0.28713E+02    0.22897E+03    0.39854E-20    0.23369E+03    0.12544E+01    0.13553E+01    0.90687E+02
    0.77355E+00    0.28714E+02    0.22899E+03    0.39902E-20    0.23371E+03    0.12544E+01    0.13553E+01    0.90687E+02
    0.77555E+00    0.28716E+02    0.22901E+03    0.39950E-20    0.23373E+03    0.12544E+01    0.13552E+01    0.90687E+02
    0.77756E+00    0.28717E+02    0.22902E+03    0.39998E-20    0.23374E+03    0.12543E+01    0.13552E+01    0.90687E+02
    0.77956E+00    0.28719E+02    0.22904E+03    0.40046E-20    0.23376E+03    0.12543E+01    0.13552E+01    0.90687E+02
    0.78156E+00    0.28720E+02    0.22906E+03    0.40093E-20    0.23378E+03    0.12543E+01    0.13552E+01    0.90687E+02
    0.78357E+00    0.28722E+02    0.22907E+03    0.40140E-20    0.23379E+03    0.12543E+01    0.13551E+01    0.90686E+02
    0.78557E+00    0.28723E+02    0.22909E+03    0.40188E-20    0.23381E+03    0.12542E+01    0.13551E+01    0.90686E+02
    0.78758E+00    0.28724E+02    0.22910E+03    0.40235E-20    0.23383E+03    0.12542E+01    0.13551E+01    0.90686E+02
    0.78958E+00    0.28726E+02    0.22912E+03    0.40282E-20    0.23384E+03    0.12542E+01    0.13550E+01    0.90686E+02
    0.79158E+00    0.28727E+02    0.22914E+03    0.40329E-20    0.23386E+03    0.12541E+01    0.13550E+01    0.90686E+02
    0.79359E+00    0.28728E+02    0.22915E+03    0.40376E-20    0.23388E+03    0.12541E+01    0.13550E+01    0.90686E+02
    0.79559E+00    0.28730E+02    0.22917E+03    0.40422E-20    0.23389E+03    0.12541E+01    0.13550E+01    0.90685E+02
    0.79760E+00    0.28731E+02    0.22918E+03    0.40469E-20    0.23391E+03    0.12541E+01    0.13549E+01    0.90685E+02
    0.79960E+00    0.28732E+02    0.22920E+03    0.40515E-20    0.23392E+03    0.12540E+01    0.13549E+01    0.90685E+02
    0.80160E+00    0.28734E+02    0.22921E+03    0.40562E-20    0.23394E+03    0.12540E+01    0.13549E+01    0.90685E+02
    0.80361E+00    0.28735E+02    0.22923E+03    0.40608E-20    0.23396E+03    0.12540E+01    0.13549E+01    0.90685E+02
    0.80561E+00    0.28736E+02    0.22925E+03    0.40654E-20    0.23397E+03    0.12539E+01    0.13548E+01    0.90685E+02
    0.80762E+00    0.28738E+02    0.22926E+03    0.40700E-20    0.23399E+03    0.12539E+01    0.13548E+01    0.90685E+02
    0.80962E+00    0.28739E+02    0.22928E+03    0.40746E-20    0.23400E+03    0.12539E+01    0.13548E+01    0.90684E+02
    0.81162E+00    0.28740E+02    0.22929E+03    0.40791E-20    0.23402E+03    0.12539E+01    0.13547E+01    0.90684E+02
    0.81363E+00    0.28742E+02    0.22931E+03    0.40837E-20    0.23403E+03    0.12538E+01    0.13547E+01    0.90684E+02
    0.81563E+00    0.28743E+02    0.22932E+03    0.40882E-20    0.23405E+03    0.12538E+01    0.13547E+01    0.90684E+02
    0.81764E+00    0.28744E+02    0.22934E+03    0.40928E-20    0.23407E+03    0.12538E+01    0.13547E+01    0.90684E+02
    0.81964E+00    0.28745E+02    0.22935E+03    0.40973E-20    0.23408E+03    0.12538E+01    0.13546E+01    0.90684E+02
    0.82164E+00    0.28747E+02    0.22937E+03    0.41018E-20    0.23410E+03    0.12537E+01    0.13546E+01    0.90684E+02
    0.82365E+00    0.28748E+02    0.22938E+03    0.41063E-20    0.23411E+03    0.12537E+01    0.13546E+01    0.90683E+02
    0.82565E+00    0.28749E+02    0.22940E+03    0.41108E-20    0.23413E+03    0.12537E+01    0.13546E+01    0.90683E+02
    0.82766E+00    0.28751E+02    0.22941E+03    0.41153E-20    0.23414E+03    0.12537E+01    0.13545E+01    0.90683E+02
    0.82966E+00    0.28752E+02    0.22943E+03    0.41198E-20    0.23416E+03    0.12536E+01    0.13545E+01    0.90683E+02
    0.83166E+00    0.28753E+02    0.22944E+03    0.41242E-20    0.23417E+03    0.12536E+01    0.13545E+01    0.90683E+02
    0.83367E+00    0.28754E+02    0.22946E+03    0.41287E-20    0.23419E+03    0.12536E+01    0.13544E+01    0.90683E+02
    0.83567E+00    0.28755E+02    0.22947E+03    0.41331E-20    0.23420E+03    0.12536E+01    0.13544E+01    0.90683E+02
    0.83768E+00    0.28757E+02    0.22948E+03    0.41375E-20    0.23422E+03    0.12535E+01    0.13544E+01    0.90682E+02
    0.83968E+00    0.28758E+02    0.22950E+03    0.41419E-20    0.23423E+03    0.12535E+01    0.13544E+01    0.90682E+02
    0.84168E+00    0.28759E+02    0.22951E+03    0.41463E-20    0.23425E+03    0.12535E+01    0.13543E+01    0.90682E+02
    0.84369E+00    0.28760E+02    0.22953E+03    0.41507E-20    0.23426E+03    0.12535E+01    0.13543E+01    0.90682E+02
    0.84569E+00    0.28762E+02    0.22954E+03    0.41551E-20    0.23428E+03    0.12534E+01    0.13543E+01    0.90682E+02
    0.84770E+00    0.28763E+02    0.22956E+03    0.41595E-20    0.23429E+03    0.12534E+01    0.13543E+01    0.90682E+02
    0.84970E+00    0.28764E+02    0.22957E+03    0.41638E-20    0.23430E+03    0.12534E+01    0.13542E+01    0.90682E+02
    0.85170E+00    0.28765E+02    0.22958E+03    0.41682E-20    0.23432E+03    0.12534E+01    0.13542E+01    0.90681E+02
    0.85371E+00    0.28766E+02    0.22960E+03    0.41725E-20    0.23433E+03    0.12533E+01    0.13542E+01    0.90681E+02
    0.85571E+00    0.28767E+02    0.22961E+03    0.41769E-20    0.23435E+03    0.12533E+01    0.13542E+01    0.90681E+02
    0.85772E+00    0.28769E+02    0.22963E+03    0.41812E-20    0.23436E+03    0.12533E+01    0.13541E+01    0.90681E+02
    0.85972E+00    0.28770E+02    0.22964E+03    0.41855E-20    0.23438E+03    0.12533E+01    0.13541E+01    0.90681E+02
    0.86172E+00    0.28771E+02    0.22965E+03    0.41898E-20    0.23439E+03    0.12532E+01    0.13541E+01    0.90681E+02
    0.86373E+00    0.28772E+02    0.22967E+03    0.41941E-20    0.23440E+03    0.12532E+01    0.13541E+01    0.90681E+02
    0.86573E+00    0.28773E+02    0.22968E+03    0.41983E-20    0.23442E+03    0.12532E+01    0.13540E+01    0.90680E+02
    0.86774E+00    0.28774E+02    0.22969E+03    0.42026E-20    0.23443E+03    0.12532E+01    0.13540E+01    0.90680E+02
    0.86974E+00    0.28776E+02    0.22971E+03    0.42068E-20    0.23445E+03    0.12531E+01    0.13540E+01    0.90680E+02
    0.87174E+00    0.28777E+02    0.22972E+03    0.42111E-20    0.23446E+03    0.12531E+01    0.13540E+01    0.90680E+02
    0.87375E+00    0.28778E+02    0.22973E+03    0.42153E-20    0.23447E+03    0.12531E+01    0.13539E+01    0.90680E+02
    0.87575E+00    0.28779E+02    0.22975E+03    0.42195E-20    0.23449E+03    0.12531E+01    0.13539E+01    0.90680E+02
    0.87776E+00    0.28780E+02    0.22976E+03    0.42238E-20    0.23450E+03    0.12530E+01    0.13539E+01    0.90680E+02
    0.87976E+00    0.28781E+02    0.22977E+03    0.42280E-20    0.23451E+03    0.12530E+01    0.13539E+01    0.90680E+02
    0.88176E+00    0.28782E+02    0.22979E+03    0.42321E-20    0.23453E+03    0.12530E+01    0.13538E+01    0.90679E+02
    0.88377E+00    0.28783E+02    0.22980E+03    0.42363E-20    0.23454E+03    0.12530E+01    0.13538E+01    0.90679E+02
    0.88577E+00    0.28784E+02    0.22981E+03    0.42405E-20    0.23455E+03    0.12529E+01    0.13538E+01    0.90679E+02
    0.88778E+00    0.28786E+02    0.22983E+03    0.42447E-20    0.23457E+03    0.12529E+01    0.13538E+01    0.90679E+02
    0.88978E+00    0.28787E+02    0.22984E+03    0.42488E-20    0.23458E+03    0.12529E+01    0.13538E+01    0.90679E+02
    0.89178E+00    0.28788E+02    0.22985E+03    0.42530E-20    0.23459E+03    0.12529E+01    0.13537E+01    0.90679E+02
    0.89379E+00    0.28789E+02    0.22986E+03    0.42571E-20    0.23461E+03    0.12528E+01    0.13537E+01    0.90679E+02
    0.89579E+00    0.28790E+02    0.22988E+03    0.42612E-20    0.23462E+03    0.12528E+01    0.13537E+01    0.90679E+02
    0.89780E+00    0.28791E+02    0.22989E+03    0.42653E-20    0.23463E+03    0.12528E+01    0.13537E+01    0.90678E+02
    0.89980E+00    0.28792E+02    0.22990E+03    0.42694E-20    0.23465E+03    0.12528E+01    0.13536E+01    0.90678E+02
    0.90180E+00    0.28793E+02    0.22992E+03    0.42735E-20    0.23466E+03    0.12528E+01    0.13536E+01    0.90678E+02
    0.90381E+00    0.28794E+02    0.22993E+03    0.42776E-20    0.23467E+03    0.12527E+01    0.13536E+01    0.90678E+02
    0.90581E+00    0.28795E+02    0.22994E+03    0.42817E-20    0.23469E+03    0.12527E+01    0.13536E+01    0.90678E+02
    0.90782E+00    0.28796E+02    0.22995E+03    0.42857E-20    0.23470E+03    0.12527E+01    0.13535E+01    0.90678E+02
    0.90982E+00    0.28797E+02    0.22997E+03    0.42898E-20    0.23471E+03    0.12527E+01    0.13535E+01    0.90678E+02
    0.91182E+00    0.28798E+02    0.22998E+03    0.42938E-20    0.23472E+03    0.12526E+01    0.13535E+01    0.90678E+02
    0.91383E+00    0.28799E+02    0.22999E+03    0.42979E-20    0.23474E+03    0.12526E+01    0.13535E+01    0.90677E+02
    0.91583E+00    0.28800E+02    0.23000E+03    0.43019E-20    0.23475E+03    0.12526E+01    0.13534E+01    0.90677E+02
    0.91784E+00    0.28801E+02    0.23002E+03    0.43059E-20    0.23476E+03    0.12526E+01    0.13534E+01    0.90677E+02
    0.91984E+00    0.28802E+02    0.23003E+03    0.43099E-20    0.23478E+03    0.12526E+01    0.13534E+01    0.90677E+02
    0.92184E+00    0.28803E+02    0.23004E+03    0.43139E-20    0.23479E+03    0.12525E+01    0.13534E+01    0.90677E+02
    0.92385E+00    0.28804E+02    0.23005E+03    0.43179E-20    0.23480E+03    0.12525E+01    0.13534E+01    0.90677E+02
    0.92585E+00    0.28805E+02    0.23006E+03    0.43219E-20    0.23481E+03    0.12525E+01    0.13533E+01    0.90677E+02
    0.92786E+00    0.28806E+02    0.23008E+03    0.43258E-20    0.23482E+03    0.12525E+01    0.13533E+01    0.90677E+02
    0.92986E+00    0.28807E+02    0.23009E+03    0.43298E-20    0.23484E+03    0.12524E+01    0.13533E+01    0.90676E+02
    0.93186E+00    0.28808E+02    0.23010E+03    0.43337E-20    0.23485E+03    0.12524E+01    0.13533E+01    0.90676E+02
    0.93387E+00    0.28809E+02    0.23011E+03    0.43377E-20    0.23486E+03    0.12524E+01    0.13532E+01    0.90676E+02
    0.93587E+00    0.28810E+02    0.23012E+03    0.43416E-20    0.23487E+03    0.12524E+01    0.13532E+01    0.90676E+02
    0.93788E+00    0.28811E+02    0.23014E+03    0.43455E-20    0.23489E+03    0.12524E+01    0.13532E+01    0.90676E+02
    0.93988E+00    0.28812E+02    0.23015E+03    0.43494E-20    0.23490E+03    0.12523E+01    0.13532E+01    0.90676E+02
    0.94188E+00    0.28813E+02    0.23016E+03    0.43533E-20    0.23491E+03    0.12523E+01    0.13532E+01    0.90676E+02
    0.94389E+00    0.28814E+02    0.23017E+03    0.43572E-20    0.23492E+03    0.12523E+01    0.13531E+01    0.90676E+02
    0.94589E+00    0.28815E+02    0.23018E+03    0.43611E-20    0.23493E+03    0.12523E+01    0.13531E+01    0.90675E+02
    0.94790E+00    0.28816E+02    0.23019E+03    0.43650E-20    0.23495E+03    0.12523E+01    0.13531E+01    0.90675E+02
    0.94990E+00    0.28817E+02    0.23021E+03    0.43688E-20    0.23496E+03    0.12522E+01    0.13531E+01    0.90675E+02
    0.95190E+00    0.28818E+02    0.23022E+03    0.43727E-20    0.23497E+03    0.12522E+01    0.13531E+01    0.90675E+02
    0.95391E+00    0.28819E+02    0.23023E+03    0.43766E-20    0.23498E+03    0.12522E+01    0.13530E+01    0.90675E+02
    0.95591E+00    0.28820E+02    0.23024E+03    0.43804E-20    0.23499E+03    0.12522E+01    0.13530E+01    0.90675E+02
    0.95792E+00    0.28821E+02    0.23025E+03    0.43842E-20    0.23500E+03    0.12521E+01    0.13530E+01    0.90675E+02
    0.95992E+00    0.28822E+02    0.23026E+03    0.43880E-20    0.23502E+03    0.12521E+01    0.13530E+01    0.90675E+02
    0.96192E+00    0.28823E+02    0.23027E+03    0.43919E-20    0.23503E+03    0.12521E+01    0.13529E+01    0.90675E+02
    0.96393E+00    0.28824E+02    0.23029E+03    0.43957E-20    0.23504E+03    0.12521E+01    0.13529E+01    0.90674E+02
    0.96593E+00    0.28825E+02    0.23030E+03    0.43995E-20    0.23505E+03    0.12521E+01    0.13529E+01    0.90674E+02
    0.96794E+00    0.28826E+02    0.23031E+03    0.44032E-20    0.23506E+03    0.12520E+01    0.13529E+01    0.90674E+02
    0.96994E+00    0.28827E+02    0.23032E+03    0.44070E-20    0.23507E+03    0.12520E+01    0.13529E+01    0.90674E+02
    0.97194E+00    0.28828E+02    0.23033E+03    0.44108E-20    0.23509E+03    0.12520E+01    0.13528E+01    0.90674E+02
    0.97395E+00    0.28828E+02    0.23034E+03    0.44146E-20    0.23510E+03    0.12520E+01    0.13528E+01    0.90674E+02
    0.97595E+00    0.28829E+02    0.23035E+03    0.44183E-20    0.23511E+03    0.12520E+01    0.13528E+01    0.90674E+02
    0.97796E+00    0.28830E+02    0.23036E+03    0.44220E-20    0.23512E+03    0.12519E+01    0.13528E+01    0.90674E+02
    0.97996E+00    0.28831E+02    0.23037E+03    0.44258E-20    0.23513E+03    0.12519E+01    0.13528E+01    0.90674E+02
    0.98196E+00    0.28832E+02    0.23038E+03    0.44295E-20    0.23514E+03    0.12519E+01    0.13527E+01    0.90673E+02
    0.98397E+00    0.28833E+02    0.23040E+03    0.44332E-20    0.23515E+03    0.12519E+01    0.13527E+01    0.90673E+02
    0.98597E+00    0.28834E+02    0.23041E+03    0.44369E-20    0.23516E+03    0.12519E+01    0.13527E+01    0.90673E+02
    0.98798E+00    0.28835E+02    0.23042E+03    0.44406E-20    0.23518E+03    0.12518E+01    0.13527E+01    0.90673E+02
    0.98998E+00    0.28836E+02    0.23043E+03    0.44443E-20    0.23519E+03    0.12518E+01    0.13527E+01    0.90673E+02
    0.99198E+00    0.28837E+02    0.23044E+03    0.44480E-20    0.23520E+03    0.12518E+01    0.13526E+01    0.90673E+02
    0.99399E+00    0.28837E+02    0.23045E+03    0.44517E-20    0.23521E+03    0.12518E+01    0.13526E+01    0.90673E+02
    0.99599E+00    0.28838E+02    0.23046E+03    0.44554E-20    0.23522E+03    0.12518E+01    0.13526E+01    0.90673E+02
    0.99800E+00    0.28839E+02    0.23047E+03    0.44590E-20    0.23523E+03    0.12517E+01    0.13526E+01    0.90673E+02
    0.10000E+01    0.28840E+02    0.23048E+03    0.44627E-20    0.23524E+03    0.12517E+01    0.13526E+01    0.90672E+02
 #Jsc:   235.240955037775      W/Vm^{2}
 #Vmax:   1.25172290951014      V
 #Voc:   1.35255432277918      V
 #fr:   1.00000000000000     
 #SLME-max   28.8400018446349      %
 #Thickness:   1.00000000000000      micro m
 #FF   90.6724432830119      %
