 # thickness,pce,jmax,j0,jsc,vmax,voc,ff
    0.00000E+00    0.00000E+00    0.00000E+00    0.00000E+00    0.00000E+00    0.14067E+01    0.14067E+01            NaN
    0.20040E-02    0.19201E+01    0.13833E+02    0.12131E-23    0.14090E+02    0.13886E+01    0.14920E+01    0.91365E+02
    0.40080E-02    0.35806E+01    0.25826E+02    0.24200E-23    0.26308E+02    0.13869E+01    0.14903E+01    0.91357E+02
    0.60120E-02    0.50376E+01    0.36376E+02    0.36208E-23    0.37055E+02    0.13854E+01    0.14888E+01    0.91350E+02
    0.80160E-02    0.63312E+01    0.45763E+02    0.48153E-23    0.46618E+02    0.13839E+01    0.14873E+01    0.91343E+02
    0.10020E-01    0.74905E+01    0.54194E+02    0.60039E-23    0.55207E+02    0.13826E+01    0.14860E+01    0.91337E+02
    0.12024E-01    0.85373E+01    0.61822E+02    0.71864E-23    0.62979E+02    0.13814E+01    0.14847E+01    0.91331E+02
    0.14028E-01    0.94884E+01    0.68767E+02    0.83629E-23    0.70055E+02    0.13803E+01    0.14836E+01    0.91326E+02
    0.16032E-01    0.10357E+02    0.75121E+02    0.95336E-23    0.76529E+02    0.13792E+01    0.14825E+01    0.91321E+02
    0.18036E-01    0.11154E+02    0.80959E+02    0.10698E-22    0.82478E+02    0.13782E+01    0.14814E+01    0.91316E+02
    0.20040E-01    0.11887E+02    0.86344E+02    0.11857E-22    0.87964E+02    0.13772E+01    0.14804E+01    0.91311E+02
    0.22044E-01    0.12564E+02    0.91325E+02    0.13011E-22    0.93040E+02    0.13763E+01    0.14795E+01    0.91307E+02
    0.24048E-01    0.13192E+02    0.95947E+02    0.14158E-22    0.97750E+02    0.13754E+01    0.14786E+01    0.91303E+02
    0.26052E-01    0.13774E+02    0.10025E+03    0.15300E-22    0.10213E+03    0.13745E+01    0.14777E+01    0.91299E+02
    0.28056E-01    0.14316E+02    0.10425E+03    0.16436E-22    0.10621E+03    0.13737E+01    0.14769E+01    0.91295E+02
    0.30060E-01    0.14822E+02    0.10800E+03    0.17567E-22    0.11003E+03    0.13729E+01    0.14761E+01    0.91291E+02
    0.32064E-01    0.15294E+02    0.11150E+03    0.18692E-22    0.11360E+03    0.13721E+01    0.14753E+01    0.91288E+02
    0.34068E-01    0.15736E+02    0.11479E+03    0.19812E-22    0.11695E+03    0.13714E+01    0.14745E+01    0.91284E+02
    0.36072E-01    0.16151E+02    0.11787E+03    0.20926E-22    0.12010E+03    0.13707E+01    0.14738E+01    0.91281E+02
    0.38076E-01    0.16541E+02    0.12078E+03    0.22035E-22    0.12306E+03    0.13700E+01    0.14731E+01    0.91277E+02
    0.40080E-01    0.16907E+02    0.12352E+03    0.23139E-22    0.12585E+03    0.13693E+01    0.14724E+01    0.91274E+02
    0.42084E-01    0.17253E+02    0.12610E+03    0.24237E-22    0.12848E+03    0.13687E+01    0.14718E+01    0.91271E+02
    0.44088E-01    0.17579E+02    0.12854E+03    0.25330E-22    0.13097E+03    0.13680E+01    0.14711E+01    0.91268E+02
    0.46092E-01    0.17887E+02    0.13085E+03    0.26418E-22    0.13332E+03    0.13674E+01    0.14705E+01    0.91265E+02
    0.48096E-01    0.18178E+02    0.13304E+03    0.27501E-22    0.13556E+03    0.13668E+01    0.14699E+01    0.91262E+02
    0.50100E-01    0.18454E+02    0.13512E+03    0.28579E-22    0.13767E+03    0.13662E+01    0.14693E+01    0.91260E+02
    0.52104E-01    0.18716E+02    0.13709E+03    0.29652E-22    0.13969E+03    0.13657E+01    0.14687E+01    0.91257E+02
    0.54108E-01    0.18964E+02    0.13897E+03    0.30719E-22    0.14160E+03    0.13651E+01    0.14681E+01    0.91254E+02
    0.56112E-01    0.19200E+02    0.14075E+03    0.31782E-22    0.14342E+03    0.13646E+01    0.14676E+01    0.91252E+02
    0.58116E-01    0.19425E+02    0.14246E+03    0.32840E-22    0.14516E+03    0.13640E+01    0.14671E+01    0.91249E+02
    0.60120E-01    0.19640E+02    0.14408E+03    0.33893E-22    0.14682E+03    0.13635E+01    0.14665E+01    0.91247E+02
    0.62124E-01    0.19844E+02    0.14564E+03    0.34941E-22    0.14840E+03    0.13630E+01    0.14660E+01    0.91244E+02
    0.64128E-01    0.20039E+02    0.14712E+03    0.35984E-22    0.14991E+03    0.13625E+01    0.14655E+01    0.91242E+02
    0.66132E-01    0.20225E+02    0.14854E+03    0.37023E-22    0.15136E+03    0.13621E+01    0.14650E+01    0.91240E+02
    0.68136E-01    0.20404E+02    0.14990E+03    0.38056E-22    0.15275E+03    0.13616E+01    0.14646E+01    0.91237E+02
    0.70140E-01    0.20574E+02    0.15121E+03    0.39085E-22    0.15408E+03    0.13611E+01    0.14641E+01    0.91235E+02
    0.72144E-01    0.20738E+02    0.15246E+03    0.40110E-22    0.15535E+03    0.13607E+01    0.14636E+01    0.91233E+02
    0.74148E-01    0.20895E+02    0.15366E+03    0.41130E-22    0.15658E+03    0.13603E+01    0.14632E+01    0.91231E+02
    0.76152E-01    0.21045E+02    0.15482E+03    0.42145E-22    0.15776E+03    0.13598E+01    0.14628E+01    0.91229E+02
    0.78156E-01    0.21190E+02    0.15593E+03    0.43156E-22    0.15889E+03    0.13594E+01    0.14623E+01    0.91227E+02
    0.80160E-01    0.21329E+02    0.15700E+03    0.44162E-22    0.15998E+03    0.13590E+01    0.14619E+01    0.91225E+02
    0.82164E-01    0.21462E+02    0.15803E+03    0.45164E-22    0.16104E+03    0.13586E+01    0.14615E+01    0.91223E+02
    0.84168E-01    0.21591E+02    0.15902E+03    0.46161E-22    0.16205E+03    0.13582E+01    0.14611E+01    0.91221E+02
    0.86172E-01    0.21715E+02    0.15998E+03    0.47154E-22    0.16303E+03    0.13578E+01    0.14607E+01    0.91219E+02
    0.88176E-01    0.21835E+02    0.16091E+03    0.48142E-22    0.16397E+03    0.13574E+01    0.14603E+01    0.91217E+02
    0.90180E-01    0.21950E+02    0.16180E+03    0.49126E-22    0.16488E+03    0.13571E+01    0.14599E+01    0.91215E+02
    0.92184E-01    0.22061E+02    0.16266E+03    0.50106E-22    0.16576E+03    0.13567E+01    0.14596E+01    0.91214E+02
    0.94188E-01    0.22169E+02    0.16350E+03    0.51082E-22    0.16662E+03    0.13563E+01    0.14592E+01    0.91212E+02
    0.96192E-01    0.22272E+02    0.16431E+03    0.52054E-22    0.16744E+03    0.13560E+01    0.14588E+01    0.91210E+02
    0.98196E-01    0.22373E+02    0.16509E+03    0.53021E-22    0.16824E+03    0.13556E+01    0.14585E+01    0.91209E+02
    0.10020E+00    0.22470E+02    0.16585E+03    0.53984E-22    0.16901E+03    0.13553E+01    0.14581E+01    0.91207E+02
    0.10220E+00    0.22564E+02    0.16659E+03    0.54943E-22    0.16976E+03    0.13550E+01    0.14578E+01    0.91205E+02
    0.10421E+00    0.22655E+02    0.16730E+03    0.55898E-22    0.17049E+03    0.13546E+01    0.14575E+01    0.91204E+02
    0.10621E+00    0.22743E+02    0.16799E+03    0.56848E-22    0.17120E+03    0.13543E+01    0.14571E+01    0.91202E+02
    0.10822E+00    0.22829E+02    0.16866E+03    0.57795E-22    0.17188E+03    0.13540E+01    0.14568E+01    0.91201E+02
    0.11022E+00    0.22912E+02    0.16931E+03    0.58738E-22    0.17255E+03    0.13537E+01    0.14565E+01    0.91199E+02
    0.11222E+00    0.22992E+02    0.16995E+03    0.59677E-22    0.17319E+03    0.13534E+01    0.14562E+01    0.91198E+02
    0.11423E+00    0.23070E+02    0.17056E+03    0.60612E-22    0.17382E+03    0.13531E+01    0.14559E+01    0.91196E+02
    0.11623E+00    0.23146E+02    0.17116E+03    0.61543E-22    0.17443E+03    0.13528E+01    0.14556E+01    0.91195E+02
    0.11824E+00    0.23220E+02    0.17174E+03    0.62470E-22    0.17503E+03    0.13525E+01    0.14553E+01    0.91193E+02
    0.12024E+00    0.23292E+02    0.17231E+03    0.63393E-22    0.17561E+03    0.13522E+01    0.14550E+01    0.91192E+02
    0.12224E+00    0.23361E+02    0.17286E+03    0.64312E-22    0.17617E+03    0.13519E+01    0.14547E+01    0.91191E+02
    0.12425E+00    0.23429E+02    0.17340E+03    0.65228E-22    0.17672E+03    0.13516E+01    0.14544E+01    0.91189E+02
    0.12625E+00    0.23495E+02    0.17392E+03    0.66139E-22    0.17725E+03    0.13513E+01    0.14541E+01    0.91188E+02
    0.12826E+00    0.23560E+02    0.17444E+03    0.67048E-22    0.17777E+03    0.13511E+01    0.14538E+01    0.91187E+02
    0.13026E+00    0.23622E+02    0.17493E+03    0.67952E-22    0.17828E+03    0.13508E+01    0.14536E+01    0.91185E+02
    0.13226E+00    0.23683E+02    0.17542E+03    0.68852E-22    0.17878E+03    0.13505E+01    0.14533E+01    0.91184E+02
    0.13427E+00    0.23742E+02    0.17589E+03    0.69749E-22    0.17926E+03    0.13503E+01    0.14530E+01    0.91183E+02
    0.13627E+00    0.23800E+02    0.17635E+03    0.70643E-22    0.17973E+03    0.13500E+01    0.14528E+01    0.91181E+02
    0.13828E+00    0.23857E+02    0.17681E+03    0.71533E-22    0.18019E+03    0.13498E+01    0.14525E+01    0.91180E+02
    0.14028E+00    0.23912E+02    0.17725E+03    0.72419E-22    0.18064E+03    0.13495E+01    0.14523E+01    0.91179E+02
    0.14228E+00    0.23965E+02    0.17768E+03    0.73301E-22    0.18108E+03    0.13493E+01    0.14520E+01    0.91178E+02
    0.14429E+00    0.24018E+02    0.17810E+03    0.74180E-22    0.18151E+03    0.13490E+01    0.14518E+01    0.91177E+02
    0.14629E+00    0.24069E+02    0.17851E+03    0.75056E-22    0.18193E+03    0.13488E+01    0.14515E+01    0.91175E+02
    0.14830E+00    0.24119E+02    0.17891E+03    0.75928E-22    0.18234E+03    0.13486E+01    0.14513E+01    0.91174E+02
    0.15030E+00    0.24168E+02    0.17930E+03    0.76797E-22    0.18274E+03    0.13483E+01    0.14510E+01    0.91173E+02
    0.15230E+00    0.24216E+02    0.17969E+03    0.77662E-22    0.18313E+03    0.13481E+01    0.14508E+01    0.91172E+02
    0.15431E+00    0.24262E+02    0.18006E+03    0.78524E-22    0.18352E+03    0.13479E+01    0.14506E+01    0.91171E+02
    0.15631E+00    0.24308E+02    0.18043E+03    0.79382E-22    0.18389E+03    0.13476E+01    0.14504E+01    0.91170E+02
    0.15832E+00    0.24352E+02    0.18079E+03    0.80237E-22    0.18426E+03    0.13474E+01    0.14501E+01    0.91169E+02
    0.16032E+00    0.24396E+02    0.18115E+03    0.81089E-22    0.18462E+03    0.13472E+01    0.14499E+01    0.91168E+02
    0.16232E+00    0.24438E+02    0.18149E+03    0.81937E-22    0.18497E+03    0.13470E+01    0.14497E+01    0.91167E+02
    0.16433E+00    0.24480E+02    0.18183E+03    0.82783E-22    0.18532E+03    0.13468E+01    0.14495E+01    0.91166E+02
    0.16633E+00    0.24521E+02    0.18216E+03    0.83625E-22    0.18566E+03    0.13466E+01    0.14493E+01    0.91165E+02
    0.16834E+00    0.24561E+02    0.18249E+03    0.84463E-22    0.18599E+03    0.13464E+01    0.14490E+01    0.91164E+02
    0.17034E+00    0.24600E+02    0.18280E+03    0.85299E-22    0.18632E+03    0.13462E+01    0.14488E+01    0.91163E+02
    0.17234E+00    0.24638E+02    0.18312E+03    0.86131E-22    0.18663E+03    0.13460E+01    0.14486E+01    0.91162E+02
    0.17435E+00    0.24676E+02    0.18342E+03    0.86960E-22    0.18695E+03    0.13458E+01    0.14484E+01    0.91161E+02
    0.17635E+00    0.24713E+02    0.18372E+03    0.87786E-22    0.18725E+03    0.13456E+01    0.14482E+01    0.91160E+02
    0.17836E+00    0.24749E+02    0.18402E+03    0.88608E-22    0.18755E+03    0.13454E+01    0.14480E+01    0.91159E+02
    0.18036E+00    0.24784E+02    0.18431E+03    0.89428E-22    0.18785E+03    0.13452E+01    0.14478E+01    0.91158E+02
    0.18236E+00    0.24818E+02    0.18459E+03    0.90245E-22    0.18814E+03    0.13450E+01    0.14476E+01    0.91157E+02
    0.18437E+00    0.24852E+02    0.18487E+03    0.91058E-22    0.18842E+03    0.13448E+01    0.14474E+01    0.91156E+02
    0.18637E+00    0.24886E+02    0.18514E+03    0.91869E-22    0.18870E+03    0.13446E+01    0.14472E+01    0.91155E+02
    0.18838E+00    0.24918E+02    0.18541E+03    0.92676E-22    0.18897E+03    0.13444E+01    0.14471E+01    0.91154E+02
    0.19038E+00    0.24950E+02    0.18567E+03    0.93480E-22    0.18924E+03    0.13442E+01    0.14469E+01    0.91153E+02
    0.19238E+00    0.24981E+02    0.18593E+03    0.94282E-22    0.18951E+03    0.13440E+01    0.14467E+01    0.91152E+02
    0.19439E+00    0.25012E+02    0.18618E+03    0.95080E-22    0.18977E+03    0.13439E+01    0.14465E+01    0.91151E+02
    0.19639E+00    0.25042E+02    0.18643E+03    0.95876E-22    0.19002E+03    0.13437E+01    0.14463E+01    0.91150E+02
    0.19840E+00    0.25072E+02    0.18668E+03    0.96668E-22    0.19027E+03    0.13435E+01    0.14461E+01    0.91150E+02
    0.20040E+00    0.25101E+02    0.18692E+03    0.97458E-22    0.19052E+03    0.13433E+01    0.14460E+01    0.91149E+02
    0.20240E+00    0.25130E+02    0.18716E+03    0.98245E-22    0.19076E+03    0.13432E+01    0.14458E+01    0.91148E+02
    0.20441E+00    0.25158E+02    0.18739E+03    0.99028E-22    0.19100E+03    0.13430E+01    0.14456E+01    0.91147E+02
    0.20641E+00    0.25185E+02    0.18762E+03    0.99809E-22    0.19123E+03    0.13428E+01    0.14454E+01    0.91146E+02
    0.20842E+00    0.25212E+02    0.18784E+03    0.10059E-21    0.19146E+03    0.13427E+01    0.14453E+01    0.91145E+02
    0.21042E+00    0.25239E+02    0.18806E+03    0.10136E-21    0.19169E+03    0.13425E+01    0.14451E+01    0.91145E+02
    0.21242E+00    0.25265E+02    0.18828E+03    0.10214E-21    0.19191E+03    0.13423E+01    0.14449E+01    0.91144E+02
    0.21443E+00    0.25291E+02    0.18850E+03    0.10291E-21    0.19213E+03    0.13422E+01    0.14448E+01    0.91143E+02
    0.21643E+00    0.25316E+02    0.18871E+03    0.10367E-21    0.19234E+03    0.13420E+01    0.14446E+01    0.91142E+02
    0.21844E+00    0.25341E+02    0.18891E+03    0.10444E-21    0.19255E+03    0.13419E+01    0.14444E+01    0.91141E+02
    0.22044E+00    0.25365E+02    0.18912E+03    0.10520E-21    0.19276E+03    0.13417E+01    0.14443E+01    0.91141E+02
    0.22244E+00    0.25389E+02    0.18932E+03    0.10596E-21    0.19297E+03    0.13415E+01    0.14441E+01    0.91140E+02
    0.22445E+00    0.25413E+02    0.18951E+03    0.10671E-21    0.19317E+03    0.13414E+01    0.14440E+01    0.91139E+02
    0.22645E+00    0.25436E+02    0.18971E+03    0.10747E-21    0.19337E+03    0.13412E+01    0.14438E+01    0.91138E+02
    0.22846E+00    0.25459E+02    0.18990E+03    0.10822E-21    0.19356E+03    0.13411E+01    0.14437E+01    0.91138E+02
    0.23046E+00    0.25481E+02    0.19009E+03    0.10897E-21    0.19375E+03    0.13409E+01    0.14435E+01    0.91137E+02
    0.23246E+00    0.25503E+02    0.19027E+03    0.10971E-21    0.19394E+03    0.13408E+01    0.14434E+01    0.91136E+02
    0.23447E+00    0.25525E+02    0.19046E+03    0.11045E-21    0.19413E+03    0.13406E+01    0.14432E+01    0.91135E+02
    0.23647E+00    0.25546E+02    0.19064E+03    0.11119E-21    0.19431E+03    0.13405E+01    0.14431E+01    0.91135E+02
    0.23848E+00    0.25567E+02    0.19081E+03    0.11193E-21    0.19449E+03    0.13404E+01    0.14429E+01    0.91134E+02
    0.24048E+00    0.25588E+02    0.19099E+03    0.11267E-21    0.19467E+03    0.13402E+01    0.14428E+01    0.91133E+02
    0.24248E+00    0.25608E+02    0.19116E+03    0.11340E-21    0.19485E+03    0.13401E+01    0.14426E+01    0.91133E+02
    0.24449E+00    0.25628E+02    0.19133E+03    0.11413E-21    0.19502E+03    0.13399E+01    0.14425E+01    0.91132E+02
    0.24649E+00    0.25648E+02    0.19150E+03    0.11486E-21    0.19519E+03    0.13398E+01    0.14423E+01    0.91131E+02
    0.24850E+00    0.25667E+02    0.19166E+03    0.11558E-21    0.19536E+03    0.13397E+01    0.14422E+01    0.91131E+02
    0.25050E+00    0.25686E+02    0.19182E+03    0.11631E-21    0.19553E+03    0.13395E+01    0.14421E+01    0.91130E+02
    0.25251E+00    0.25705E+02    0.19198E+03    0.11703E-21    0.19569E+03    0.13394E+01    0.14419E+01    0.91129E+02
    0.25451E+00    0.25724E+02    0.19214E+03    0.11774E-21    0.19585E+03    0.13392E+01    0.14418E+01    0.91129E+02
    0.25651E+00    0.25742E+02    0.19230E+03    0.11846E-21    0.19601E+03    0.13391E+01    0.14417E+01    0.91128E+02
    0.25852E+00    0.25760E+02    0.19245E+03    0.11917E-21    0.19617E+03    0.13390E+01    0.14415E+01    0.91127E+02
    0.26052E+00    0.25778E+02    0.19260E+03    0.11988E-21    0.19632E+03    0.13388E+01    0.14414E+01    0.91127E+02
    0.26253E+00    0.25795E+02    0.19275E+03    0.12059E-21    0.19647E+03    0.13387E+01    0.14413E+01    0.91126E+02
    0.26453E+00    0.25812E+02    0.19290E+03    0.12129E-21    0.19662E+03    0.13386E+01    0.14411E+01    0.91125E+02
    0.26653E+00    0.25829E+02    0.19304E+03    0.12200E-21    0.19677E+03    0.13385E+01    0.14410E+01    0.91125E+02
    0.26854E+00    0.25846E+02    0.19319E+03    0.12270E-21    0.19692E+03    0.13383E+01    0.14409E+01    0.91124E+02
    0.27054E+00    0.25863E+02    0.19333E+03    0.12340E-21    0.19706E+03    0.13382E+01    0.14407E+01    0.91124E+02
    0.27255E+00    0.25879E+02    0.19347E+03    0.12409E-21    0.19721E+03    0.13381E+01    0.14406E+01    0.91123E+02
    0.27455E+00    0.25895E+02    0.19361E+03    0.12479E-21    0.19735E+03    0.13380E+01    0.14405E+01    0.91122E+02
    0.27655E+00    0.25911E+02    0.19374E+03    0.12548E-21    0.19748E+03    0.13378E+01    0.14404E+01    0.91122E+02
    0.27856E+00    0.25926E+02    0.19388E+03    0.12617E-21    0.19762E+03    0.13377E+01    0.14402E+01    0.91121E+02
    0.28056E+00    0.25942E+02    0.19401E+03    0.12686E-21    0.19776E+03    0.13376E+01    0.14401E+01    0.91120E+02
    0.28257E+00    0.25957E+02    0.19414E+03    0.12754E-21    0.19789E+03    0.13375E+01    0.14400E+01    0.91120E+02
    0.28457E+00    0.25972E+02    0.19427E+03    0.12822E-21    0.19802E+03    0.13374E+01    0.14399E+01    0.91119E+02
    0.28657E+00    0.25986E+02    0.19439E+03    0.12890E-21    0.19815E+03    0.13372E+01    0.14397E+01    0.91119E+02
    0.28858E+00    0.26001E+02    0.19452E+03    0.12958E-21    0.19828E+03    0.13371E+01    0.14396E+01    0.91118E+02
    0.29058E+00    0.26015E+02    0.19464E+03    0.13026E-21    0.19841E+03    0.13370E+01    0.14395E+01    0.91118E+02
    0.29259E+00    0.26029E+02    0.19477E+03    0.13093E-21    0.19853E+03    0.13369E+01    0.14394E+01    0.91117E+02
    0.29459E+00    0.26043E+02    0.19489E+03    0.13160E-21    0.19866E+03    0.13368E+01    0.14393E+01    0.91116E+02
    0.29659E+00    0.26057E+02    0.19501E+03    0.13227E-21    0.19878E+03    0.13367E+01    0.14392E+01    0.91116E+02
    0.29860E+00    0.26071E+02    0.19513E+03    0.13294E-21    0.19890E+03    0.13366E+01    0.14391E+01    0.91115E+02
    0.30060E+00    0.26084E+02    0.19524E+03    0.13360E-21    0.19902E+03    0.13364E+01    0.14389E+01    0.91115E+02
    0.30261E+00    0.26097E+02    0.19536E+03    0.13427E-21    0.19914E+03    0.13363E+01    0.14388E+01    0.91114E+02
    0.30461E+00    0.26111E+02    0.19547E+03    0.13493E-21    0.19925E+03    0.13362E+01    0.14387E+01    0.91114E+02
    0.30661E+00    0.26123E+02    0.19558E+03    0.13558E-21    0.19937E+03    0.13361E+01    0.14386E+01    0.91113E+02
    0.30862E+00    0.26136E+02    0.19570E+03    0.13624E-21    0.19948E+03    0.13360E+01    0.14385E+01    0.91113E+02
    0.31062E+00    0.26149E+02    0.19581E+03    0.13690E-21    0.19959E+03    0.13359E+01    0.14384E+01    0.91112E+02
    0.31263E+00    0.26161E+02    0.19591E+03    0.13755E-21    0.19971E+03    0.13358E+01    0.14383E+01    0.91112E+02
    0.31463E+00    0.26173E+02    0.19602E+03    0.13820E-21    0.19982E+03    0.13357E+01    0.14382E+01    0.91111E+02
    0.31663E+00    0.26186E+02    0.19613E+03    0.13885E-21    0.19992E+03    0.13356E+01    0.14381E+01    0.91111E+02
    0.31864E+00    0.26198E+02    0.19623E+03    0.13949E-21    0.20003E+03    0.13355E+01    0.14380E+01    0.91110E+02
    0.32064E+00    0.26209E+02    0.19634E+03    0.14014E-21    0.20014E+03    0.13354E+01    0.14378E+01    0.91109E+02
    0.32265E+00    0.26221E+02    0.19644E+03    0.14078E-21    0.20024E+03    0.13353E+01    0.14377E+01    0.91109E+02
    0.32465E+00    0.26233E+02    0.19654E+03    0.14142E-21    0.20035E+03    0.13352E+01    0.14376E+01    0.91108E+02
    0.32665E+00    0.26244E+02    0.19664E+03    0.14206E-21    0.20045E+03    0.13351E+01    0.14375E+01    0.91108E+02
    0.32866E+00    0.26255E+02    0.19674E+03    0.14269E-21    0.20055E+03    0.13350E+01    0.14374E+01    0.91107E+02
    0.33066E+00    0.26266E+02    0.19684E+03    0.14333E-21    0.20065E+03    0.13349E+01    0.14373E+01    0.91107E+02
    0.33267E+00    0.26277E+02    0.19693E+03    0.14396E-21    0.20075E+03    0.13348E+01    0.14372E+01    0.91106E+02
    0.33467E+00    0.26288E+02    0.19703E+03    0.14459E-21    0.20085E+03    0.13347E+01    0.14371E+01    0.91106E+02
    0.33667E+00    0.26299E+02    0.19713E+03    0.14522E-21    0.20094E+03    0.13346E+01    0.14370E+01    0.91106E+02
    0.33868E+00    0.26310E+02    0.19722E+03    0.14584E-21    0.20104E+03    0.13345E+01    0.14369E+01    0.91105E+02
    0.34068E+00    0.26320E+02    0.19731E+03    0.14647E-21    0.20113E+03    0.13344E+01    0.14368E+01    0.91105E+02
    0.34269E+00    0.26330E+02    0.19740E+03    0.14709E-21    0.20123E+03    0.13343E+01    0.14367E+01    0.91104E+02
    0.34469E+00    0.26341E+02    0.19749E+03    0.14771E-21    0.20132E+03    0.13342E+01    0.14366E+01    0.91104E+02
    0.34669E+00    0.26351E+02    0.19758E+03    0.14833E-21    0.20141E+03    0.13341E+01    0.14365E+01    0.91103E+02
    0.34870E+00    0.26361E+02    0.19767E+03    0.14895E-21    0.20150E+03    0.13340E+01    0.14364E+01    0.91103E+02
    0.35070E+00    0.26371E+02    0.19776E+03    0.14956E-21    0.20159E+03    0.13339E+01    0.14364E+01    0.91102E+02
    0.35271E+00    0.26380E+02    0.19785E+03    0.15017E-21    0.20168E+03    0.13338E+01    0.14363E+01    0.91102E+02
    0.35471E+00    0.26390E+02    0.19793E+03    0.15079E-21    0.20177E+03    0.13337E+01    0.14362E+01    0.91101E+02
    0.35671E+00    0.26400E+02    0.19802E+03    0.15139E-21    0.20186E+03    0.13336E+01    0.14361E+01    0.91101E+02
    0.35872E+00    0.26409E+02    0.19810E+03    0.15200E-21    0.20195E+03    0.13335E+01    0.14360E+01    0.91100E+02
    0.36072E+00    0.26418E+02    0.19819E+03    0.15261E-21    0.20203E+03    0.13335E+01    0.14359E+01    0.91100E+02
    0.36273E+00    0.26428E+02    0.19827E+03    0.15321E-21    0.20212E+03    0.13334E+01    0.14358E+01    0.91099E+02
    0.36473E+00    0.26437E+02    0.19835E+03    0.15381E-21    0.20220E+03    0.13333E+01    0.14357E+01    0.91099E+02
    0.36673E+00    0.26446E+02    0.19843E+03    0.15441E-21    0.20228E+03    0.13332E+01    0.14356E+01    0.91099E+02
    0.36874E+00    0.26455E+02    0.19851E+03    0.15501E-21    0.20236E+03    0.13331E+01    0.14355E+01    0.91098E+02
    0.37074E+00    0.26464E+02    0.19859E+03    0.15561E-21    0.20245E+03    0.13330E+01    0.14354E+01    0.91098E+02
    0.37275E+00    0.26473E+02    0.19867E+03    0.15620E-21    0.20253E+03    0.13329E+01    0.14353E+01    0.91097E+02
    0.37475E+00    0.26481E+02    0.19875E+03    0.15680E-21    0.20261E+03    0.13328E+01    0.14353E+01    0.91097E+02
    0.37675E+00    0.26490E+02    0.19883E+03    0.15739E-21    0.20268E+03    0.13328E+01    0.14352E+01    0.91096E+02
    0.37876E+00    0.26498E+02    0.19890E+03    0.15798E-21    0.20276E+03    0.13327E+01    0.14351E+01    0.91096E+02
    0.38076E+00    0.26507E+02    0.19898E+03    0.15856E-21    0.20284E+03    0.13326E+01    0.14350E+01    0.91096E+02
    0.38277E+00    0.26515E+02    0.19905E+03    0.15915E-21    0.20292E+03    0.13325E+01    0.14349E+01    0.91095E+02
    0.38477E+00    0.26523E+02    0.19913E+03    0.15974E-21    0.20299E+03    0.13324E+01    0.14348E+01    0.91095E+02
    0.38677E+00    0.26531E+02    0.19920E+03    0.16032E-21    0.20307E+03    0.13323E+01    0.14347E+01    0.91094E+02
    0.38878E+00    0.26539E+02    0.19928E+03    0.16090E-21    0.20314E+03    0.13322E+01    0.14347E+01    0.91094E+02
    0.39078E+00    0.26547E+02    0.19935E+03    0.16148E-21    0.20322E+03    0.13322E+01    0.14346E+01    0.91094E+02
    0.39279E+00    0.26555E+02    0.19942E+03    0.16206E-21    0.20329E+03    0.13321E+01    0.14345E+01    0.91093E+02
    0.39479E+00    0.26563E+02    0.19949E+03    0.16263E-21    0.20336E+03    0.13320E+01    0.14344E+01    0.91093E+02
    0.39679E+00    0.26571E+02    0.19956E+03    0.16321E-21    0.20343E+03    0.13319E+01    0.14343E+01    0.91092E+02
    0.39880E+00    0.26578E+02    0.19963E+03    0.16378E-21    0.20350E+03    0.13318E+01    0.14342E+01    0.91092E+02
    0.40080E+00    0.26586E+02    0.19970E+03    0.16435E-21    0.20357E+03    0.13318E+01    0.14342E+01    0.91092E+02
    0.40281E+00    0.26594E+02    0.19977E+03    0.16492E-21    0.20364E+03    0.13317E+01    0.14341E+01    0.91091E+02
    0.40481E+00    0.26601E+02    0.19983E+03    0.16549E-21    0.20371E+03    0.13316E+01    0.14340E+01    0.91091E+02
    0.40681E+00    0.26608E+02    0.19990E+03    0.16605E-21    0.20378E+03    0.13315E+01    0.14339E+01    0.91090E+02
    0.40882E+00    0.26616E+02    0.19997E+03    0.16662E-21    0.20385E+03    0.13315E+01    0.14338E+01    0.91090E+02
    0.41082E+00    0.26623E+02    0.20003E+03    0.16718E-21    0.20392E+03    0.13314E+01    0.14338E+01    0.91090E+02
    0.41283E+00    0.26630E+02    0.20010E+03    0.16774E-21    0.20398E+03    0.13313E+01    0.14337E+01    0.91089E+02
    0.41483E+00    0.26637E+02    0.20016E+03    0.16830E-21    0.20405E+03    0.13312E+01    0.14336E+01    0.91089E+02
    0.41683E+00    0.26644E+02    0.20023E+03    0.16886E-21    0.20412E+03    0.13311E+01    0.14335E+01    0.91088E+02
    0.41884E+00    0.26651E+02    0.20029E+03    0.16941E-21    0.20418E+03    0.13311E+01    0.14335E+01    0.91088E+02
    0.42084E+00    0.26658E+02    0.20035E+03    0.16997E-21    0.20425E+03    0.13310E+01    0.14334E+01    0.91088E+02
    0.42285E+00    0.26665E+02    0.20042E+03    0.17052E-21    0.20431E+03    0.13309E+01    0.14333E+01    0.91087E+02
    0.42485E+00    0.26671E+02    0.20048E+03    0.17107E-21    0.20437E+03    0.13308E+01    0.14332E+01    0.91087E+02
    0.42685E+00    0.26678E+02    0.20054E+03    0.17162E-21    0.20443E+03    0.13308E+01    0.14332E+01    0.91087E+02
    0.42886E+00    0.26685E+02    0.20060E+03    0.17217E-21    0.20450E+03    0.13307E+01    0.14331E+01    0.91086E+02
    0.43086E+00    0.26691E+02    0.20066E+03    0.17272E-21    0.20456E+03    0.13306E+01    0.14330E+01    0.91086E+02
    0.43287E+00    0.26698E+02    0.20072E+03    0.17326E-21    0.20462E+03    0.13306E+01    0.14329E+01    0.91086E+02
    0.43487E+00    0.26704E+02    0.20078E+03    0.17381E-21    0.20468E+03    0.13305E+01    0.14329E+01    0.91085E+02
    0.43687E+00    0.26711E+02    0.20084E+03    0.17435E-21    0.20474E+03    0.13304E+01    0.14328E+01    0.91085E+02
    0.43888E+00    0.26717E+02    0.20090E+03    0.17489E-21    0.20480E+03    0.13303E+01    0.14327E+01    0.91084E+02
    0.44088E+00    0.26723E+02    0.20095E+03    0.17543E-21    0.20486E+03    0.13303E+01    0.14326E+01    0.91084E+02
    0.44289E+00    0.26729E+02    0.20101E+03    0.17597E-21    0.20492E+03    0.13302E+01    0.14326E+01    0.91084E+02
    0.44489E+00    0.26736E+02    0.20107E+03    0.17650E-21    0.20498E+03    0.13301E+01    0.14325E+01    0.91083E+02
    0.44689E+00    0.26742E+02    0.20112E+03    0.17704E-21    0.20503E+03    0.13301E+01    0.14324E+01    0.91083E+02
    0.44890E+00    0.26748E+02    0.20118E+03    0.17757E-21    0.20509E+03    0.13300E+01    0.14324E+01    0.91083E+02
    0.45090E+00    0.26754E+02    0.20124E+03    0.17810E-21    0.20515E+03    0.13299E+01    0.14323E+01    0.91082E+02
    0.45291E+00    0.26760E+02    0.20129E+03    0.17863E-21    0.20520E+03    0.13299E+01    0.14322E+01    0.91082E+02
    0.45491E+00    0.26766E+02    0.20135E+03    0.17916E-21    0.20526E+03    0.13298E+01    0.14321E+01    0.91082E+02
    0.45691E+00    0.26771E+02    0.20140E+03    0.17969E-21    0.20532E+03    0.13297E+01    0.14321E+01    0.91081E+02
    0.45892E+00    0.26777E+02    0.20145E+03    0.18022E-21    0.20537E+03    0.13296E+01    0.14320E+01    0.91081E+02
    0.46092E+00    0.26783E+02    0.20151E+03    0.18074E-21    0.20543E+03    0.13296E+01    0.14319E+01    0.91081E+02
    0.46293E+00    0.26789E+02    0.20156E+03    0.18126E-21    0.20548E+03    0.13295E+01    0.14319E+01    0.91080E+02
    0.46493E+00    0.26794E+02    0.20161E+03    0.18179E-21    0.20553E+03    0.13294E+01    0.14318E+01    0.91080E+02
    0.46693E+00    0.26800E+02    0.20166E+03    0.18231E-21    0.20559E+03    0.13294E+01    0.14317E+01    0.91080E+02
    0.46894E+00    0.26805E+02    0.20172E+03    0.18283E-21    0.20564E+03    0.13293E+01    0.14317E+01    0.91079E+02
    0.47094E+00    0.26811E+02    0.20177E+03    0.18334E-21    0.20569E+03    0.13293E+01    0.14316E+01    0.91079E+02
    0.47295E+00    0.26816E+02    0.20182E+03    0.18386E-21    0.20574E+03    0.13292E+01    0.14315E+01    0.91079E+02
    0.47495E+00    0.26822E+02    0.20187E+03    0.18437E-21    0.20580E+03    0.13291E+01    0.14315E+01    0.91078E+02
    0.47695E+00    0.26827E+02    0.20192E+03    0.18489E-21    0.20585E+03    0.13291E+01    0.14314E+01    0.91078E+02
    0.47896E+00    0.26832E+02    0.20197E+03    0.18540E-21    0.20590E+03    0.13290E+01    0.14313E+01    0.91078E+02
    0.48096E+00    0.26838E+02    0.20202E+03    0.18591E-21    0.20595E+03    0.13289E+01    0.14313E+01    0.91077E+02
    0.48297E+00    0.26843E+02    0.20207E+03    0.18642E-21    0.20600E+03    0.13289E+01    0.14312E+01    0.91077E+02
    0.48497E+00    0.26848E+02    0.20212E+03    0.18693E-21    0.20605E+03    0.13288E+01    0.14312E+01    0.91077E+02
    0.48697E+00    0.26853E+02    0.20216E+03    0.18743E-21    0.20610E+03    0.13287E+01    0.14311E+01    0.91076E+02
    0.48898E+00    0.26858E+02    0.20221E+03    0.18794E-21    0.20615E+03    0.13287E+01    0.14310E+01    0.91076E+02
    0.49098E+00    0.26863E+02    0.20226E+03    0.18844E-21    0.20619E+03    0.13286E+01    0.14310E+01    0.91076E+02
    0.49299E+00    0.26868E+02    0.20231E+03    0.18894E-21    0.20624E+03    0.13286E+01    0.14309E+01    0.91076E+02
    0.49499E+00    0.26873E+02    0.20235E+03    0.18945E-21    0.20629E+03    0.13285E+01    0.14308E+01    0.91075E+02
    0.49699E+00    0.26878E+02    0.20240E+03    0.18995E-21    0.20634E+03    0.13284E+01    0.14308E+01    0.91075E+02
    0.49900E+00    0.26883E+02    0.20245E+03    0.19044E-21    0.20638E+03    0.13284E+01    0.14307E+01    0.91075E+02
    0.50100E+00    0.26888E+02    0.20249E+03    0.19094E-21    0.20643E+03    0.13283E+01    0.14307E+01    0.91074E+02
    0.50301E+00    0.26893E+02    0.20254E+03    0.19144E-21    0.20648E+03    0.13283E+01    0.14306E+01    0.91074E+02
    0.50501E+00    0.26898E+02    0.20258E+03    0.19193E-21    0.20652E+03    0.13282E+01    0.14305E+01    0.91074E+02
    0.50701E+00    0.26902E+02    0.20263E+03    0.19242E-21    0.20657E+03    0.13281E+01    0.14305E+01    0.91073E+02
    0.50902E+00    0.26907E+02    0.20267E+03    0.19292E-21    0.20662E+03    0.13281E+01    0.14304E+01    0.91073E+02
    0.51102E+00    0.26912E+02    0.20271E+03    0.19341E-21    0.20666E+03    0.13280E+01    0.14303E+01    0.91073E+02
    0.51303E+00    0.26916E+02    0.20276E+03    0.19390E-21    0.20671E+03    0.13280E+01    0.14303E+01    0.91073E+02
    0.51503E+00    0.26921E+02    0.20280E+03    0.19438E-21    0.20675E+03    0.13279E+01    0.14302E+01    0.91072E+02
    0.51703E+00    0.26926E+02    0.20285E+03    0.19487E-21    0.20679E+03    0.13278E+01    0.14302E+01    0.91072E+02
    0.51904E+00    0.26930E+02    0.20289E+03    0.19536E-21    0.20684E+03    0.13278E+01    0.14301E+01    0.91072E+02
    0.52104E+00    0.26935E+02    0.20293E+03    0.19584E-21    0.20688E+03    0.13277E+01    0.14301E+01    0.91071E+02
    0.52305E+00    0.26939E+02    0.20297E+03    0.19632E-21    0.20693E+03    0.13277E+01    0.14300E+01    0.91071E+02
    0.52505E+00    0.26943E+02    0.20302E+03    0.19680E-21    0.20697E+03    0.13276E+01    0.14299E+01    0.91071E+02
    0.52705E+00    0.26948E+02    0.20306E+03    0.19728E-21    0.20701E+03    0.13276E+01    0.14299E+01    0.91071E+02
    0.52906E+00    0.26952E+02    0.20310E+03    0.19776E-21    0.20705E+03    0.13275E+01    0.14298E+01    0.91070E+02
    0.53106E+00    0.26956E+02    0.20314E+03    0.19824E-21    0.20710E+03    0.13274E+01    0.14298E+01    0.91070E+02
    0.53307E+00    0.26961E+02    0.20318E+03    0.19872E-21    0.20714E+03    0.13274E+01    0.14297E+01    0.91070E+02
    0.53507E+00    0.26965E+02    0.20322E+03    0.19919E-21    0.20718E+03    0.13273E+01    0.14296E+01    0.91069E+02
    0.53707E+00    0.26969E+02    0.20326E+03    0.19967E-21    0.20722E+03    0.13273E+01    0.14296E+01    0.91069E+02
    0.53908E+00    0.26973E+02    0.20330E+03    0.20014E-21    0.20726E+03    0.13272E+01    0.14295E+01    0.91069E+02
    0.54108E+00    0.26978E+02    0.20334E+03    0.20061E-21    0.20730E+03    0.13272E+01    0.14295E+01    0.91069E+02
    0.54309E+00    0.26982E+02    0.20338E+03    0.20108E-21    0.20734E+03    0.13271E+01    0.14294E+01    0.91068E+02
    0.54509E+00    0.26986E+02    0.20342E+03    0.20155E-21    0.20738E+03    0.13271E+01    0.14294E+01    0.91068E+02
    0.54709E+00    0.26990E+02    0.20346E+03    0.20202E-21    0.20742E+03    0.13270E+01    0.14293E+01    0.91068E+02
    0.54910E+00    0.26994E+02    0.20350E+03    0.20249E-21    0.20746E+03    0.13270E+01    0.14293E+01    0.91068E+02
    0.55110E+00    0.26998E+02    0.20354E+03    0.20295E-21    0.20750E+03    0.13269E+01    0.14292E+01    0.91067E+02
    0.55311E+00    0.27002E+02    0.20357E+03    0.20342E-21    0.20754E+03    0.13268E+01    0.14292E+01    0.91067E+02
    0.55511E+00    0.27006E+02    0.20361E+03    0.20388E-21    0.20758E+03    0.13268E+01    0.14291E+01    0.91067E+02
    0.55711E+00    0.27010E+02    0.20365E+03    0.20434E-21    0.20762E+03    0.13267E+01    0.14290E+01    0.91066E+02
    0.55912E+00    0.27014E+02    0.20369E+03    0.20481E-21    0.20766E+03    0.13267E+01    0.14290E+01    0.91066E+02
    0.56112E+00    0.27018E+02    0.20373E+03    0.20527E-21    0.20770E+03    0.13266E+01    0.14289E+01    0.91066E+02
    0.56313E+00    0.27022E+02    0.20376E+03    0.20572E-21    0.20773E+03    0.13266E+01    0.14289E+01    0.91066E+02
    0.56513E+00    0.27025E+02    0.20380E+03    0.20618E-21    0.20777E+03    0.13265E+01    0.14288E+01    0.91065E+02
    0.56713E+00    0.27029E+02    0.20384E+03    0.20664E-21    0.20781E+03    0.13265E+01    0.14288E+01    0.91065E+02
    0.56914E+00    0.27033E+02    0.20387E+03    0.20709E-21    0.20785E+03    0.13264E+01    0.14287E+01    0.91065E+02
    0.57114E+00    0.27037E+02    0.20391E+03    0.20755E-21    0.20788E+03    0.13264E+01    0.14287E+01    0.91065E+02
    0.57315E+00    0.27040E+02    0.20394E+03    0.20800E-21    0.20792E+03    0.13263E+01    0.14286E+01    0.91064E+02
    0.57515E+00    0.27044E+02    0.20398E+03    0.20845E-21    0.20796E+03    0.13263E+01    0.14286E+01    0.91064E+02
    0.57715E+00    0.27048E+02    0.20401E+03    0.20890E-21    0.20799E+03    0.13262E+01    0.14285E+01    0.91064E+02
    0.57916E+00    0.27051E+02    0.20405E+03    0.20935E-21    0.20803E+03    0.13262E+01    0.14285E+01    0.91064E+02
    0.58116E+00    0.27055E+02    0.20409E+03    0.20980E-21    0.20806E+03    0.13261E+01    0.14284E+01    0.91063E+02
    0.58317E+00    0.27059E+02    0.20412E+03    0.21025E-21    0.20810E+03    0.13261E+01    0.14284E+01    0.91063E+02
    0.58517E+00    0.27062E+02    0.20415E+03    0.21069E-21    0.20813E+03    0.13260E+01    0.14283E+01    0.91063E+02
    0.58717E+00    0.27066E+02    0.20419E+03    0.21114E-21    0.20817E+03    0.13260E+01    0.14283E+01    0.91063E+02
    0.58918E+00    0.27069E+02    0.20422E+03    0.21158E-21    0.20820E+03    0.13259E+01    0.14282E+01    0.91062E+02
    0.59118E+00    0.27073E+02    0.20426E+03    0.21203E-21    0.20824E+03    0.13259E+01    0.14282E+01    0.91062E+02
    0.59319E+00    0.27076E+02    0.20429E+03    0.21247E-21    0.20827E+03    0.13258E+01    0.14281E+01    0.91062E+02
    0.59519E+00    0.27080E+02    0.20432E+03    0.21291E-21    0.20831E+03    0.13258E+01    0.14281E+01    0.91062E+02
    0.59719E+00    0.27083E+02    0.20436E+03    0.21335E-21    0.20834E+03    0.13257E+01    0.14280E+01    0.91061E+02
    0.59920E+00    0.27087E+02    0.20439E+03    0.21379E-21    0.20838E+03    0.13257E+01    0.14280E+01    0.91061E+02
    0.60120E+00    0.27090E+02    0.20442E+03    0.21422E-21    0.20841E+03    0.13256E+01    0.14279E+01    0.91061E+02
    0.60321E+00    0.27093E+02    0.20446E+03    0.21466E-21    0.20844E+03    0.13256E+01    0.14279E+01    0.91061E+02
    0.60521E+00    0.27097E+02    0.20449E+03    0.21510E-21    0.20848E+03    0.13255E+01    0.14278E+01    0.91060E+02
    0.60721E+00    0.27100E+02    0.20452E+03    0.21553E-21    0.20851E+03    0.13255E+01    0.14278E+01    0.91060E+02
    0.60922E+00    0.27103E+02    0.20455E+03    0.21596E-21    0.20854E+03    0.13254E+01    0.14277E+01    0.91060E+02
    0.61122E+00    0.27107E+02    0.20458E+03    0.21640E-21    0.20858E+03    0.13254E+01    0.14277E+01    0.91060E+02
    0.61323E+00    0.27110E+02    0.20462E+03    0.21683E-21    0.20861E+03    0.13254E+01    0.14276E+01    0.91060E+02
    0.61523E+00    0.27113E+02    0.20465E+03    0.21726E-21    0.20864E+03    0.13253E+01    0.14276E+01    0.91059E+02
    0.61723E+00    0.27116E+02    0.20468E+03    0.21769E-21    0.20867E+03    0.13253E+01    0.14275E+01    0.91059E+02
    0.61924E+00    0.27119E+02    0.20471E+03    0.21811E-21    0.20870E+03    0.13252E+01    0.14275E+01    0.91059E+02
    0.62124E+00    0.27123E+02    0.20474E+03    0.21854E-21    0.20874E+03    0.13252E+01    0.14274E+01    0.91059E+02
    0.62325E+00    0.27126E+02    0.20477E+03    0.21897E-21    0.20877E+03    0.13251E+01    0.14274E+01    0.91058E+02
    0.62525E+00    0.27129E+02    0.20480E+03    0.21939E-21    0.20880E+03    0.13251E+01    0.14274E+01    0.91058E+02
    0.62725E+00    0.27132E+02    0.20483E+03    0.21982E-21    0.20883E+03    0.13250E+01    0.14273E+01    0.91058E+02
    0.62926E+00    0.27135E+02    0.20486E+03    0.22024E-21    0.20886E+03    0.13250E+01    0.14273E+01    0.91058E+02
    0.63126E+00    0.27138E+02    0.20489E+03    0.22066E-21    0.20889E+03    0.13249E+01    0.14272E+01    0.91057E+02
    0.63327E+00    0.27141E+02    0.20492E+03    0.22108E-21    0.20892E+03    0.13249E+01    0.14272E+01    0.91057E+02
    0.63527E+00    0.27144E+02    0.20495E+03    0.22150E-21    0.20895E+03    0.13249E+01    0.14271E+01    0.91057E+02
    0.63727E+00    0.27147E+02    0.20498E+03    0.22192E-21    0.20898E+03    0.13248E+01    0.14271E+01    0.91057E+02
    0.63928E+00    0.27150E+02    0.20501E+03    0.22234E-21    0.20901E+03    0.13248E+01    0.14270E+01    0.91057E+02
    0.64128E+00    0.27153E+02    0.20504E+03    0.22275E-21    0.20904E+03    0.13247E+01    0.14270E+01    0.91056E+02
    0.64329E+00    0.27156E+02    0.20507E+03    0.22317E-21    0.20907E+03    0.13247E+01    0.14269E+01    0.91056E+02
    0.64529E+00    0.27159E+02    0.20510E+03    0.22358E-21    0.20910E+03    0.13246E+01    0.14269E+01    0.91056E+02
    0.64729E+00    0.27162E+02    0.20513E+03    0.22400E-21    0.20913E+03    0.13246E+01    0.14269E+01    0.91056E+02
    0.64930E+00    0.27165E+02    0.20516E+03    0.22441E-21    0.20916E+03    0.13246E+01    0.14268E+01    0.91055E+02
    0.65130E+00    0.27168E+02    0.20519E+03    0.22482E-21    0.20919E+03    0.13245E+01    0.14268E+01    0.91055E+02
    0.65331E+00    0.27171E+02    0.20522E+03    0.22523E-21    0.20922E+03    0.13245E+01    0.14267E+01    0.91055E+02
    0.65531E+00    0.27174E+02    0.20524E+03    0.22564E-21    0.20925E+03    0.13244E+01    0.14267E+01    0.91055E+02
    0.65731E+00    0.27177E+02    0.20527E+03    0.22605E-21    0.20928E+03    0.13244E+01    0.14266E+01    0.91055E+02
    0.65932E+00    0.27179E+02    0.20530E+03    0.22646E-21    0.20931E+03    0.13243E+01    0.14266E+01    0.91054E+02
    0.66132E+00    0.27182E+02    0.20533E+03    0.22687E-21    0.20934E+03    0.13243E+01    0.14266E+01    0.91054E+02
    0.66333E+00    0.27185E+02    0.20535E+03    0.22727E-21    0.20936E+03    0.13243E+01    0.14265E+01    0.91054E+02
    0.66533E+00    0.27188E+02    0.20538E+03    0.22768E-21    0.20939E+03    0.13242E+01    0.14265E+01    0.91054E+02
    0.66733E+00    0.27190E+02    0.20541E+03    0.22808E-21    0.20942E+03    0.13242E+01    0.14264E+01    0.91054E+02
    0.66934E+00    0.27193E+02    0.20544E+03    0.22848E-21    0.20945E+03    0.13241E+01    0.14264E+01    0.91053E+02
    0.67134E+00    0.27196E+02    0.20546E+03    0.22889E-21    0.20948E+03    0.13241E+01    0.14263E+01    0.91053E+02
    0.67335E+00    0.27199E+02    0.20549E+03    0.22929E-21    0.20950E+03    0.13240E+01    0.14263E+01    0.91053E+02
    0.67535E+00    0.27201E+02    0.20552E+03    0.22969E-21    0.20953E+03    0.13240E+01    0.14263E+01    0.91053E+02
    0.67735E+00    0.27204E+02    0.20554E+03    0.23009E-21    0.20956E+03    0.13240E+01    0.14262E+01    0.91053E+02
    0.67936E+00    0.27207E+02    0.20557E+03    0.23049E-21    0.20958E+03    0.13239E+01    0.14262E+01    0.91052E+02
    0.68136E+00    0.27209E+02    0.20560E+03    0.23088E-21    0.20961E+03    0.13239E+01    0.14261E+01    0.91052E+02
    0.68337E+00    0.27212E+02    0.20562E+03    0.23128E-21    0.20964E+03    0.13238E+01    0.14261E+01    0.91052E+02
    0.68537E+00    0.27215E+02    0.20565E+03    0.23167E-21    0.20967E+03    0.13238E+01    0.14261E+01    0.91052E+02
    0.68737E+00    0.27217E+02    0.20567E+03    0.23207E-21    0.20969E+03    0.13238E+01    0.14260E+01    0.91052E+02
    0.68938E+00    0.27220E+02    0.20570E+03    0.23246E-21    0.20972E+03    0.13237E+01    0.14260E+01    0.91051E+02
    0.69138E+00    0.27222E+02    0.20573E+03    0.23286E-21    0.20974E+03    0.13237E+01    0.14259E+01    0.91051E+02
    0.69339E+00    0.27225E+02    0.20575E+03    0.23325E-21    0.20977E+03    0.13236E+01    0.14259E+01    0.91051E+02
    0.69539E+00    0.27228E+02    0.20578E+03    0.23364E-21    0.20980E+03    0.13236E+01    0.14259E+01    0.91051E+02
    0.69739E+00    0.27230E+02    0.20580E+03    0.23403E-21    0.20982E+03    0.13236E+01    0.14258E+01    0.91051E+02
    0.69940E+00    0.27233E+02    0.20583E+03    0.23442E-21    0.20985E+03    0.13235E+01    0.14258E+01    0.91050E+02
    0.70140E+00    0.27235E+02    0.20585E+03    0.23481E-21    0.20987E+03    0.13235E+01    0.14257E+01    0.91050E+02
    0.70341E+00    0.27238E+02    0.20588E+03    0.23519E-21    0.20990E+03    0.13234E+01    0.14257E+01    0.91050E+02
    0.70541E+00    0.27240E+02    0.20590E+03    0.23558E-21    0.20992E+03    0.13234E+01    0.14257E+01    0.91050E+02
    0.70741E+00    0.27243E+02    0.20593E+03    0.23597E-21    0.20995E+03    0.13234E+01    0.14256E+01    0.91050E+02
    0.70942E+00    0.27245E+02    0.20595E+03    0.23635E-21    0.20997E+03    0.13233E+01    0.14256E+01    0.91049E+02
    0.71142E+00    0.27247E+02    0.20598E+03    0.23673E-21    0.21000E+03    0.13233E+01    0.14255E+01    0.91049E+02
    0.71343E+00    0.27250E+02    0.20600E+03    0.23712E-21    0.21002E+03    0.13233E+01    0.14255E+01    0.91049E+02
    0.71543E+00    0.27252E+02    0.20602E+03    0.23750E-21    0.21005E+03    0.13232E+01    0.14255E+01    0.91049E+02
    0.71743E+00    0.27255E+02    0.20605E+03    0.23788E-21    0.21007E+03    0.13232E+01    0.14254E+01    0.91049E+02
    0.71944E+00    0.27257E+02    0.20607E+03    0.23826E-21    0.21010E+03    0.13231E+01    0.14254E+01    0.91048E+02
    0.72144E+00    0.27259E+02    0.20610E+03    0.23864E-21    0.21012E+03    0.13231E+01    0.14253E+01    0.91048E+02
    0.72345E+00    0.27262E+02    0.20612E+03    0.23902E-21    0.21015E+03    0.13231E+01    0.14253E+01    0.91048E+02
    0.72545E+00    0.27264E+02    0.20614E+03    0.23940E-21    0.21017E+03    0.13230E+01    0.14253E+01    0.91048E+02
    0.72745E+00    0.27266E+02    0.20617E+03    0.23977E-21    0.21020E+03    0.13230E+01    0.14252E+01    0.91048E+02
    0.72946E+00    0.27269E+02    0.20619E+03    0.24015E-21    0.21022E+03    0.13230E+01    0.14252E+01    0.91047E+02
    0.73146E+00    0.27271E+02    0.20621E+03    0.24052E-21    0.21024E+03    0.13229E+01    0.14252E+01    0.91047E+02
    0.73347E+00    0.27273E+02    0.20624E+03    0.24090E-21    0.21027E+03    0.13229E+01    0.14251E+01    0.91047E+02
    0.73547E+00    0.27276E+02    0.20626E+03    0.24127E-21    0.21029E+03    0.13228E+01    0.14251E+01    0.91047E+02
    0.73747E+00    0.27278E+02    0.20628E+03    0.24164E-21    0.21031E+03    0.13228E+01    0.14250E+01    0.91047E+02
    0.73948E+00    0.27280E+02    0.20630E+03    0.24202E-21    0.21034E+03    0.13228E+01    0.14250E+01    0.91047E+02
    0.74148E+00    0.27283E+02    0.20633E+03    0.24239E-21    0.21036E+03    0.13227E+01    0.14250E+01    0.91046E+02
    0.74349E+00    0.27285E+02    0.20635E+03    0.24276E-21    0.21038E+03    0.13227E+01    0.14249E+01    0.91046E+02
    0.74549E+00    0.27287E+02    0.20637E+03    0.24313E-21    0.21041E+03    0.13227E+01    0.14249E+01    0.91046E+02
    0.74749E+00    0.27289E+02    0.20639E+03    0.24349E-21    0.21043E+03    0.13226E+01    0.14249E+01    0.91046E+02
    0.74950E+00    0.27291E+02    0.20642E+03    0.24386E-21    0.21045E+03    0.13226E+01    0.14248E+01    0.91046E+02
    0.75150E+00    0.27294E+02    0.20644E+03    0.24423E-21    0.21047E+03    0.13226E+01    0.14248E+01    0.91045E+02
    0.75351E+00    0.27296E+02    0.20646E+03    0.24459E-21    0.21050E+03    0.13225E+01    0.14248E+01    0.91045E+02
    0.75551E+00    0.27298E+02    0.20648E+03    0.24496E-21    0.21052E+03    0.13225E+01    0.14247E+01    0.91045E+02
    0.75752E+00    0.27300E+02    0.20651E+03    0.24532E-21    0.21054E+03    0.13225E+01    0.14247E+01    0.91045E+02
    0.75952E+00    0.27302E+02    0.20653E+03    0.24569E-21    0.21056E+03    0.13224E+01    0.14246E+01    0.91045E+02
    0.76152E+00    0.27304E+02    0.20655E+03    0.24605E-21    0.21059E+03    0.13224E+01    0.14246E+01    0.91045E+02
    0.76353E+00    0.27307E+02    0.20657E+03    0.24641E-21    0.21061E+03    0.13224E+01    0.14246E+01    0.91044E+02
    0.76553E+00    0.27309E+02    0.20659E+03    0.24677E-21    0.21063E+03    0.13223E+01    0.14245E+01    0.91044E+02
    0.76754E+00    0.27311E+02    0.20661E+03    0.24713E-21    0.21065E+03    0.13223E+01    0.14245E+01    0.91044E+02
    0.76954E+00    0.27313E+02    0.20663E+03    0.24749E-21    0.21067E+03    0.13222E+01    0.14245E+01    0.91044E+02
    0.77154E+00    0.27315E+02    0.20666E+03    0.24785E-21    0.21070E+03    0.13222E+01    0.14244E+01    0.91044E+02
    0.77355E+00    0.27317E+02    0.20668E+03    0.24821E-21    0.21072E+03    0.13222E+01    0.14244E+01    0.91044E+02
    0.77555E+00    0.27319E+02    0.20670E+03    0.24856E-21    0.21074E+03    0.13221E+01    0.14244E+01    0.91043E+02
    0.77756E+00    0.27321E+02    0.20672E+03    0.24892E-21    0.21076E+03    0.13221E+01    0.14243E+01    0.91043E+02
    0.77956E+00    0.27323E+02    0.20674E+03    0.24928E-21    0.21078E+03    0.13221E+01    0.14243E+01    0.91043E+02
    0.78156E+00    0.27325E+02    0.20676E+03    0.24963E-21    0.21080E+03    0.13220E+01    0.14243E+01    0.91043E+02
    0.78357E+00    0.27327E+02    0.20678E+03    0.24998E-21    0.21082E+03    0.13220E+01    0.14242E+01    0.91043E+02
    0.78557E+00    0.27329E+02    0.20680E+03    0.25034E-21    0.21084E+03    0.13220E+01    0.14242E+01    0.91043E+02
    0.78758E+00    0.27331E+02    0.20682E+03    0.25069E-21    0.21087E+03    0.13219E+01    0.14242E+01    0.91042E+02
    0.78958E+00    0.27333E+02    0.20684E+03    0.25104E-21    0.21089E+03    0.13219E+01    0.14241E+01    0.91042E+02
    0.79158E+00    0.27335E+02    0.20686E+03    0.25139E-21    0.21091E+03    0.13219E+01    0.14241E+01    0.91042E+02
    0.79359E+00    0.27337E+02    0.20688E+03    0.25174E-21    0.21093E+03    0.13218E+01    0.14241E+01    0.91042E+02
    0.79559E+00    0.27339E+02    0.20690E+03    0.25209E-21    0.21095E+03    0.13218E+01    0.14240E+01    0.91042E+02
    0.79760E+00    0.27341E+02    0.20692E+03    0.25244E-21    0.21097E+03    0.13218E+01    0.14240E+01    0.91042E+02
    0.79960E+00    0.27343E+02    0.20694E+03    0.25279E-21    0.21099E+03    0.13218E+01    0.14240E+01    0.91041E+02
    0.80160E+00    0.27345E+02    0.20696E+03    0.25313E-21    0.21101E+03    0.13217E+01    0.14239E+01    0.91041E+02
    0.80361E+00    0.27347E+02    0.20698E+03    0.25348E-21    0.21103E+03    0.13217E+01    0.14239E+01    0.91041E+02
    0.80561E+00    0.27349E+02    0.20700E+03    0.25382E-21    0.21105E+03    0.13217E+01    0.14239E+01    0.91041E+02
    0.80762E+00    0.27351E+02    0.20702E+03    0.25417E-21    0.21107E+03    0.13216E+01    0.14238E+01    0.91041E+02
    0.80962E+00    0.27353E+02    0.20704E+03    0.25451E-21    0.21109E+03    0.13216E+01    0.14238E+01    0.91041E+02
    0.81162E+00    0.27355E+02    0.20706E+03    0.25486E-21    0.21111E+03    0.13216E+01    0.14238E+01    0.91040E+02
    0.81363E+00    0.27357E+02    0.20708E+03    0.25520E-21    0.21113E+03    0.13215E+01    0.14237E+01    0.91040E+02
    0.81563E+00    0.27358E+02    0.20710E+03    0.25554E-21    0.21115E+03    0.13215E+01    0.14237E+01    0.91040E+02
    0.81764E+00    0.27360E+02    0.20712E+03    0.25588E-21    0.21117E+03    0.13215E+01    0.14237E+01    0.91040E+02
    0.81964E+00    0.27362E+02    0.20713E+03    0.25622E-21    0.21119E+03    0.13214E+01    0.14236E+01    0.91040E+02
    0.82164E+00    0.27364E+02    0.20715E+03    0.25656E-21    0.21121E+03    0.13214E+01    0.14236E+01    0.91040E+02
    0.82365E+00    0.27366E+02    0.20717E+03    0.25690E-21    0.21123E+03    0.13214E+01    0.14236E+01    0.91039E+02
    0.82565E+00    0.27368E+02    0.20719E+03    0.25724E-21    0.21125E+03    0.13213E+01    0.14235E+01    0.91039E+02
    0.82766E+00    0.27370E+02    0.20721E+03    0.25757E-21    0.21126E+03    0.13213E+01    0.14235E+01    0.91039E+02
    0.82966E+00    0.27371E+02    0.20723E+03    0.25791E-21    0.21128E+03    0.13213E+01    0.14235E+01    0.91039E+02
    0.83166E+00    0.27373E+02    0.20725E+03    0.25825E-21    0.21130E+03    0.13212E+01    0.14234E+01    0.91039E+02
    0.83367E+00    0.27375E+02    0.20727E+03    0.25858E-21    0.21132E+03    0.13212E+01    0.14234E+01    0.91039E+02
    0.83567E+00    0.27377E+02    0.20728E+03    0.25891E-21    0.21134E+03    0.13212E+01    0.14234E+01    0.91039E+02
    0.83768E+00    0.27379E+02    0.20730E+03    0.25925E-21    0.21136E+03    0.13212E+01    0.14234E+01    0.91038E+02
    0.83968E+00    0.27380E+02    0.20732E+03    0.25958E-21    0.21138E+03    0.13211E+01    0.14233E+01    0.91038E+02
    0.84168E+00    0.27382E+02    0.20734E+03    0.25991E-21    0.21140E+03    0.13211E+01    0.14233E+01    0.91038E+02
    0.84369E+00    0.27384E+02    0.20736E+03    0.26024E-21    0.21141E+03    0.13211E+01    0.14233E+01    0.91038E+02
    0.84569E+00    0.27386E+02    0.20737E+03    0.26058E-21    0.21143E+03    0.13210E+01    0.14232E+01    0.91038E+02
    0.84770E+00    0.27387E+02    0.20739E+03    0.26091E-21    0.21145E+03    0.13210E+01    0.14232E+01    0.91038E+02
    0.84970E+00    0.27389E+02    0.20741E+03    0.26123E-21    0.21147E+03    0.13210E+01    0.14232E+01    0.91037E+02
    0.85170E+00    0.27391E+02    0.20743E+03    0.26156E-21    0.21149E+03    0.13209E+01    0.14231E+01    0.91037E+02
    0.85371E+00    0.27393E+02    0.20745E+03    0.26189E-21    0.21151E+03    0.13209E+01    0.14231E+01    0.91037E+02
    0.85571E+00    0.27394E+02    0.20746E+03    0.26222E-21    0.21152E+03    0.13209E+01    0.14231E+01    0.91037E+02
    0.85772E+00    0.27396E+02    0.20748E+03    0.26254E-21    0.21154E+03    0.13209E+01    0.14230E+01    0.91037E+02
    0.85972E+00    0.27398E+02    0.20750E+03    0.26287E-21    0.21156E+03    0.13208E+01    0.14230E+01    0.91037E+02
    0.86172E+00    0.27399E+02    0.20752E+03    0.26319E-21    0.21158E+03    0.13208E+01    0.14230E+01    0.91037E+02
    0.86373E+00    0.27401E+02    0.20753E+03    0.26352E-21    0.21160E+03    0.13208E+01    0.14230E+01    0.91036E+02
    0.86573E+00    0.27403E+02    0.20755E+03    0.26384E-21    0.21161E+03    0.13207E+01    0.14229E+01    0.91036E+02
    0.86774E+00    0.27404E+02    0.20757E+03    0.26417E-21    0.21163E+03    0.13207E+01    0.14229E+01    0.91036E+02
    0.86974E+00    0.27406E+02    0.20759E+03    0.26449E-21    0.21165E+03    0.13207E+01    0.14229E+01    0.91036E+02
    0.87174E+00    0.27408E+02    0.20760E+03    0.26481E-21    0.21167E+03    0.13207E+01    0.14228E+01    0.91036E+02
    0.87375E+00    0.27409E+02    0.20762E+03    0.26513E-21    0.21168E+03    0.13206E+01    0.14228E+01    0.91036E+02
    0.87575E+00    0.27411E+02    0.20764E+03    0.26545E-21    0.21170E+03    0.13206E+01    0.14228E+01    0.91036E+02
    0.87776E+00    0.27413E+02    0.20765E+03    0.26577E-21    0.21172E+03    0.13206E+01    0.14228E+01    0.91035E+02
    0.87976E+00    0.27414E+02    0.20767E+03    0.26609E-21    0.21174E+03    0.13205E+01    0.14227E+01    0.91035E+02
    0.88176E+00    0.27416E+02    0.20769E+03    0.26641E-21    0.21175E+03    0.13205E+01    0.14227E+01    0.91035E+02
    0.88377E+00    0.27418E+02    0.20770E+03    0.26672E-21    0.21177E+03    0.13205E+01    0.14227E+01    0.91035E+02
    0.88577E+00    0.27419E+02    0.20772E+03    0.26704E-21    0.21179E+03    0.13205E+01    0.14226E+01    0.91035E+02
    0.88778E+00    0.27421E+02    0.20774E+03    0.26736E-21    0.21180E+03    0.13204E+01    0.14226E+01    0.91035E+02
    0.88978E+00    0.27422E+02    0.20775E+03    0.26767E-21    0.21182E+03    0.13204E+01    0.14226E+01    0.91035E+02
    0.89178E+00    0.27424E+02    0.20777E+03    0.26799E-21    0.21184E+03    0.13204E+01    0.14226E+01    0.91034E+02
    0.89379E+00    0.27426E+02    0.20779E+03    0.26830E-21    0.21185E+03    0.13203E+01    0.14225E+01    0.91034E+02
    0.89579E+00    0.27427E+02    0.20780E+03    0.26861E-21    0.21187E+03    0.13203E+01    0.14225E+01    0.91034E+02
    0.89780E+00    0.27429E+02    0.20782E+03    0.26893E-21    0.21189E+03    0.13203E+01    0.14225E+01    0.91034E+02
    0.89980E+00    0.27430E+02    0.20783E+03    0.26924E-21    0.21190E+03    0.13203E+01    0.14224E+01    0.91034E+02
    0.90180E+00    0.27432E+02    0.20785E+03    0.26955E-21    0.21192E+03    0.13202E+01    0.14224E+01    0.91034E+02
    0.90381E+00    0.27433E+02    0.20787E+03    0.26986E-21    0.21194E+03    0.13202E+01    0.14224E+01    0.91034E+02
    0.90581E+00    0.27435E+02    0.20788E+03    0.27017E-21    0.21195E+03    0.13202E+01    0.14224E+01    0.91033E+02
    0.90782E+00    0.27436E+02    0.20790E+03    0.27048E-21    0.21197E+03    0.13202E+01    0.14223E+01    0.91033E+02
    0.90982E+00    0.27438E+02    0.20791E+03    0.27079E-21    0.21199E+03    0.13201E+01    0.14223E+01    0.91033E+02
    0.91182E+00    0.27439E+02    0.20793E+03    0.27110E-21    0.21200E+03    0.13201E+01    0.14223E+01    0.91033E+02
    0.91383E+00    0.27441E+02    0.20795E+03    0.27141E-21    0.21202E+03    0.13201E+01    0.14222E+01    0.91033E+02
    0.91583E+00    0.27442E+02    0.20796E+03    0.27171E-21    0.21203E+03    0.13200E+01    0.14222E+01    0.91033E+02
    0.91784E+00    0.27444E+02    0.20798E+03    0.27202E-21    0.21205E+03    0.13200E+01    0.14222E+01    0.91033E+02
    0.91984E+00    0.27445E+02    0.20799E+03    0.27233E-21    0.21207E+03    0.13200E+01    0.14222E+01    0.91033E+02
    0.92184E+00    0.27447E+02    0.20801E+03    0.27263E-21    0.21208E+03    0.13200E+01    0.14221E+01    0.91032E+02
    0.92385E+00    0.27448E+02    0.20802E+03    0.27294E-21    0.21210E+03    0.13199E+01    0.14221E+01    0.91032E+02
    0.92585E+00    0.27450E+02    0.20804E+03    0.27324E-21    0.21211E+03    0.13199E+01    0.14221E+01    0.91032E+02
    0.92786E+00    0.27451E+02    0.20805E+03    0.27354E-21    0.21213E+03    0.13199E+01    0.14221E+01    0.91032E+02
    0.92986E+00    0.27453E+02    0.20807E+03    0.27384E-21    0.21214E+03    0.13199E+01    0.14220E+01    0.91032E+02
    0.93186E+00    0.27454E+02    0.20808E+03    0.27415E-21    0.21216E+03    0.13198E+01    0.14220E+01    0.91032E+02
    0.93387E+00    0.27456E+02    0.20810E+03    0.27445E-21    0.21218E+03    0.13198E+01    0.14220E+01    0.91032E+02
    0.93587E+00    0.27457E+02    0.20811E+03    0.27475E-21    0.21219E+03    0.13198E+01    0.14220E+01    0.91031E+02
    0.93788E+00    0.27459E+02    0.20813E+03    0.27505E-21    0.21221E+03    0.13198E+01    0.14219E+01    0.91031E+02
    0.93988E+00    0.27460E+02    0.20814E+03    0.27535E-21    0.21222E+03    0.13197E+01    0.14219E+01    0.91031E+02
    0.94188E+00    0.27462E+02    0.20816E+03    0.27565E-21    0.21224E+03    0.13197E+01    0.14219E+01    0.91031E+02
    0.94389E+00    0.27463E+02    0.20817E+03    0.27594E-21    0.21225E+03    0.13197E+01    0.14218E+01    0.91031E+02
    0.94589E+00    0.27464E+02    0.20819E+03    0.27624E-21    0.21227E+03    0.13197E+01    0.14218E+01    0.91031E+02
    0.94790E+00    0.27466E+02    0.20820E+03    0.27654E-21    0.21228E+03    0.13196E+01    0.14218E+01    0.91031E+02
    0.94990E+00    0.27467E+02    0.20822E+03    0.27684E-21    0.21230E+03    0.13196E+01    0.14218E+01    0.91031E+02
    0.95190E+00    0.27469E+02    0.20823E+03    0.27713E-21    0.21231E+03    0.13196E+01    0.14217E+01    0.91030E+02
    0.95391E+00    0.27470E+02    0.20825E+03    0.27743E-21    0.21233E+03    0.13196E+01    0.14217E+01    0.91030E+02
    0.95591E+00    0.27471E+02    0.20826E+03    0.27772E-21    0.21234E+03    0.13195E+01    0.14217E+01    0.91030E+02
    0.95792E+00    0.27473E+02    0.20828E+03    0.27801E-21    0.21236E+03    0.13195E+01    0.14217E+01    0.91030E+02
    0.95992E+00    0.27474E+02    0.20829E+03    0.27831E-21    0.21237E+03    0.13195E+01    0.14216E+01    0.91030E+02
    0.96192E+00    0.27476E+02    0.20831E+03    0.27860E-21    0.21239E+03    0.13195E+01    0.14216E+01    0.91030E+02
    0.96393E+00    0.27477E+02    0.20832E+03    0.27889E-21    0.21240E+03    0.13194E+01    0.14216E+01    0.91030E+02
    0.96593E+00    0.27478E+02    0.20833E+03    0.27918E-21    0.21242E+03    0.13194E+01    0.14216E+01    0.91030E+02
    0.96794E+00    0.27480E+02    0.20835E+03    0.27948E-21    0.21243E+03    0.13194E+01    0.14215E+01    0.91029E+02
    0.96994E+00    0.27481E+02    0.20836E+03    0.27977E-21    0.21245E+03    0.13194E+01    0.14215E+01    0.91029E+02
    0.97194E+00    0.27482E+02    0.20838E+03    0.28006E-21    0.21246E+03    0.13193E+01    0.14215E+01    0.91029E+02
    0.97395E+00    0.27484E+02    0.20839E+03    0.28034E-21    0.21247E+03    0.13193E+01    0.14215E+01    0.91029E+02
    0.97595E+00    0.27485E+02    0.20840E+03    0.28063E-21    0.21249E+03    0.13193E+01    0.14214E+01    0.91029E+02
    0.97796E+00    0.27486E+02    0.20842E+03    0.28092E-21    0.21250E+03    0.13193E+01    0.14214E+01    0.91029E+02
    0.97996E+00    0.27488E+02    0.20843E+03    0.28121E-21    0.21252E+03    0.13192E+01    0.14214E+01    0.91029E+02
    0.98196E+00    0.27489E+02    0.20845E+03    0.28150E-21    0.21253E+03    0.13192E+01    0.14214E+01    0.91029E+02
    0.98397E+00    0.27490E+02    0.20846E+03    0.28178E-21    0.21255E+03    0.13192E+01    0.14213E+01    0.91028E+02
    0.98597E+00    0.27492E+02    0.20847E+03    0.28207E-21    0.21256E+03    0.13192E+01    0.14213E+01    0.91028E+02
    0.98798E+00    0.27493E+02    0.20849E+03    0.28235E-21    0.21257E+03    0.13191E+01    0.14213E+01    0.91028E+02
    0.98998E+00    0.27494E+02    0.20850E+03    0.28264E-21    0.21259E+03    0.13191E+01    0.14213E+01    0.91028E+02
    0.99198E+00    0.27496E+02    0.20852E+03    0.28292E-21    0.21260E+03    0.13191E+01    0.14212E+01    0.91028E+02
    0.99399E+00    0.27497E+02    0.20853E+03    0.28320E-21    0.21262E+03    0.13191E+01    0.14212E+01    0.91028E+02
    0.99599E+00    0.27498E+02    0.20854E+03    0.28349E-21    0.21263E+03    0.13190E+01    0.14212E+01    0.91028E+02
    0.99800E+00    0.27499E+02    0.20856E+03    0.28377E-21    0.21264E+03    0.13190E+01    0.14212E+01    0.91028E+02
    0.10000E+01    0.27501E+02    0.20857E+03    0.28405E-21    0.21266E+03    0.13190E+01    0.14212E+01    0.91027E+02
 #Jsc:   212.657089476942      W/Vm^{2}
 #Vmax:   1.31899261623621      V
 #Voc:   1.42115059047937      V
 #fr:   1.00000000000000     
 #SLME-max   27.5007661556592      %
 #Thickness:   1.00000000000000      micro m
 #FF   91.0274785578098      %
 
