 # thickness,pce,jmax,j0,jsc,vmax,voc,ff
    0.00000E+00    0.00000E+00    0.00000E+00    0.00000E+00    0.00000E+00    0.13328E+01    0.13328E+01            NaN
    0.20040E-02    0.23688E+01    0.18091E+02    0.35374E-22    0.18448E+02    0.13098E+01    0.14118E+01    0.90981E+02
    0.40080E-02    0.43806E+01    0.33503E+02    0.70513E-22    0.34165E+02    0.13080E+01    0.14099E+01    0.90971E+02
    0.60120E-02    0.61187E+01    0.46857E+02    0.10542E-21    0.47785E+02    0.13063E+01    0.14082E+01    0.90963E+02
    0.80160E-02    0.76409E+01    0.58584E+02    0.14009E-21    0.59745E+02    0.13047E+01    0.14066E+01    0.90955E+02
    0.10020E-01    0.89883E+01    0.68989E+02    0.17454E-21    0.70358E+02    0.13033E+01    0.14051E+01    0.90947E+02
    0.12024E-01    0.10191E+02    0.78301E+02    0.20875E-21    0.79856E+02    0.13020E+01    0.14038E+01    0.90940E+02
    0.14028E-01    0.11272E+02    0.86690E+02    0.24275E-21    0.88413E+02    0.13007E+01    0.14025E+01    0.90934E+02
    0.16032E-01    0.12249E+02    0.94291E+02    0.27652E-21    0.96167E+02    0.12995E+01    0.14013E+01    0.90928E+02
    0.18036E-01    0.13137E+02    0.10121E+03    0.31008E-21    0.10323E+03    0.12984E+01    0.14002E+01    0.90922E+02
    0.20040E-01    0.13947E+02    0.10753E+03    0.34341E-21    0.10968E+03    0.12974E+01    0.13991E+01    0.90917E+02
    0.22044E-01    0.14688E+02    0.11334E+03    0.37653E-21    0.11560E+03    0.12964E+01    0.13981E+01    0.90912E+02
    0.24048E-01    0.15368E+02    0.11868E+03    0.40944E-21    0.12104E+03    0.12954E+01    0.13971E+01    0.90907E+02
    0.26052E-01    0.15995E+02    0.12360E+03    0.44214E-21    0.12607E+03    0.12945E+01    0.13962E+01    0.90902E+02
    0.28056E-01    0.16574E+02    0.12816E+03    0.47463E-21    0.13072E+03    0.12936E+01    0.13953E+01    0.90897E+02
    0.30060E-01    0.17110E+02    0.13239E+03    0.50692E-21    0.13504E+03    0.12928E+01    0.13944E+01    0.90893E+02
    0.32064E-01    0.17607E+02    0.13633E+03    0.53900E-21    0.13906E+03    0.12920E+01    0.13936E+01    0.90889E+02
    0.34068E-01    0.18070E+02    0.13999E+03    0.57087E-21    0.14280E+03    0.12912E+01    0.13928E+01    0.90884E+02
    0.36072E-01    0.18501E+02    0.14342E+03    0.60255E-21    0.14629E+03    0.12904E+01    0.13920E+01    0.90880E+02
    0.38076E-01    0.18903E+02    0.14662E+03    0.63403E-21    0.14956E+03    0.12897E+01    0.13913E+01    0.90877E+02
    0.40080E-01    0.19280E+02    0.14962E+03    0.66531E-21    0.15263E+03    0.12890E+01    0.13906E+01    0.90873E+02
    0.42084E-01    0.19633E+02    0.15245E+03    0.69640E-21    0.15550E+03    0.12883E+01    0.13899E+01    0.90869E+02
    0.44088E-01    0.19964E+02    0.15510E+03    0.72730E-21    0.15821E+03    0.12877E+01    0.13892E+01    0.90866E+02
    0.46092E-01    0.20276E+02    0.15760E+03    0.75801E-21    0.16076E+03    0.12870E+01    0.13885E+01    0.90862E+02
    0.48096E-01    0.20570E+02    0.15996E+03    0.78852E-21    0.16317E+03    0.12864E+01    0.13879E+01    0.90859E+02
    0.50100E-01    0.20847E+02    0.16219E+03    0.81885E-21    0.16545E+03    0.12858E+01    0.13873E+01    0.90856E+02
    0.52104E-01    0.21109E+02    0.16430E+03    0.84900E-21    0.16761E+03    0.12852E+01    0.13867E+01    0.90853E+02
    0.54108E-01    0.21356E+02    0.16630E+03    0.87896E-21    0.16965E+03    0.12846E+01    0.13861E+01    0.90850E+02
    0.56112E-01    0.21591E+02    0.16820E+03    0.90875E-21    0.17159E+03    0.12841E+01    0.13855E+01    0.90847E+02
    0.58116E-01    0.21814E+02    0.17001E+03    0.93835E-21    0.17343E+03    0.12835E+01    0.13850E+01    0.90844E+02
    0.60120E-01    0.22025E+02    0.17173E+03    0.96777E-21    0.17519E+03    0.12830E+01    0.13844E+01    0.90841E+02
    0.62124E-01    0.22226E+02    0.17337E+03    0.99702E-21    0.17686E+03    0.12825E+01    0.13839E+01    0.90839E+02
    0.64128E-01    0.22418E+02    0.17493E+03    0.10261E-20    0.17846E+03    0.12820E+01    0.13834E+01    0.90836E+02
    0.66132E-01    0.22600E+02    0.17642E+03    0.10550E-20    0.17998E+03    0.12815E+01    0.13829E+01    0.90833E+02
    0.68136E-01    0.22775E+02    0.17785E+03    0.10837E-20    0.18144E+03    0.12810E+01    0.13824E+01    0.90831E+02
    0.70140E-01    0.22941E+02    0.17921E+03    0.11123E-20    0.18283E+03    0.12805E+01    0.13820E+01    0.90828E+02
    0.72144E-01    0.23100E+02    0.18052E+03    0.11407E-20    0.18416E+03    0.12801E+01    0.13815E+01    0.90826E+02
    0.74148E-01    0.23252E+02    0.18177E+03    0.11689E-20    0.18544E+03    0.12796E+01    0.13810E+01    0.90824E+02
    0.76152E-01    0.23398E+02    0.18297E+03    0.11970E-20    0.18667E+03    0.12792E+01    0.13806E+01    0.90821E+02
    0.78156E-01    0.23538E+02    0.18413E+03    0.12249E-20    0.18785E+03    0.12788E+01    0.13802E+01    0.90819E+02
    0.80160E-01    0.23672E+02    0.18524E+03    0.12526E-20    0.18898E+03    0.12784E+01    0.13797E+01    0.90817E+02
    0.82164E-01    0.23801E+02    0.18630E+03    0.12802E-20    0.19007E+03    0.12780E+01    0.13793E+01    0.90815E+02
    0.84168E-01    0.23925E+02    0.18733E+03    0.13076E-20    0.19112E+03    0.12776E+01    0.13789E+01    0.90812E+02
    0.86172E-01    0.24044E+02    0.18832E+03    0.13349E-20    0.19213E+03    0.12772E+01    0.13785E+01    0.90810E+02
    0.88176E-01    0.24158E+02    0.18928E+03    0.13620E-20    0.19311E+03    0.12768E+01    0.13781E+01    0.90808E+02
    0.90180E-01    0.24269E+02    0.19020E+03    0.13889E-20    0.19405E+03    0.12764E+01    0.13778E+01    0.90806E+02
    0.92184E-01    0.24375E+02    0.19108E+03    0.14157E-20    0.19496E+03    0.12761E+01    0.13774E+01    0.90804E+02
    0.94188E-01    0.24478E+02    0.19194E+03    0.14424E-20    0.19583E+03    0.12757E+01    0.13770E+01    0.90803E+02
    0.96192E-01    0.24577E+02    0.19277E+03    0.14689E-20    0.19668E+03    0.12753E+01    0.13767E+01    0.90801E+02
    0.98196E-01    0.24672E+02    0.19357E+03    0.14952E-20    0.19750E+03    0.12750E+01    0.13763E+01    0.90799E+02
    0.10020E+00    0.24765E+02    0.19435E+03    0.15214E-20    0.19829E+03    0.12747E+01    0.13760E+01    0.90797E+02
    0.10220E+00    0.24854E+02    0.19510E+03    0.15474E-20    0.19906E+03    0.12743E+01    0.13756E+01    0.90795E+02
    0.10421E+00    0.24940E+02    0.19583E+03    0.15734E-20    0.19980E+03    0.12740E+01    0.13753E+01    0.90793E+02
    0.10621E+00    0.25023E+02    0.19653E+03    0.15991E-20    0.20052E+03    0.12737E+01    0.13750E+01    0.90792E+02
    0.10822E+00    0.25104E+02    0.19722E+03    0.16247E-20    0.20122E+03    0.12734E+01    0.13746E+01    0.90790E+02
    0.11022E+00    0.25182E+02    0.19788E+03    0.16502E-20    0.20190E+03    0.12731E+01    0.13743E+01    0.90788E+02
    0.11222E+00    0.25258E+02    0.19852E+03    0.16756E-20    0.20255E+03    0.12728E+01    0.13740E+01    0.90787E+02
    0.11423E+00    0.25332E+02    0.19914E+03    0.17008E-20    0.20319E+03    0.12725E+01    0.13737E+01    0.90785E+02
    0.11623E+00    0.25403E+02    0.19975E+03    0.17258E-20    0.20381E+03    0.12722E+01    0.13734E+01    0.90784E+02
    0.11824E+00    0.25472E+02    0.20034E+03    0.17507E-20    0.20441E+03    0.12719E+01    0.13731E+01    0.90782E+02
    0.12024E+00    0.25539E+02    0.20091E+03    0.17755E-20    0.20500E+03    0.12716E+01    0.13728E+01    0.90781E+02
    0.12224E+00    0.25604E+02    0.20147E+03    0.18002E-20    0.20557E+03    0.12713E+01    0.13725E+01    0.90779E+02
    0.12425E+00    0.25667E+02    0.20201E+03    0.18247E-20    0.20612E+03    0.12710E+01    0.13723E+01    0.90778E+02
    0.12625E+00    0.25729E+02    0.20254E+03    0.18491E-20    0.20666E+03    0.12708E+01    0.13720E+01    0.90776E+02
    0.12826E+00    0.25789E+02    0.20305E+03    0.18734E-20    0.20718E+03    0.12705E+01    0.13717E+01    0.90775E+02
    0.13026E+00    0.25847E+02    0.20355E+03    0.18975E-20    0.20769E+03    0.12702E+01    0.13714E+01    0.90773E+02
    0.13226E+00    0.25903E+02    0.20403E+03    0.19215E-20    0.20819E+03    0.12700E+01    0.13712E+01    0.90772E+02
    0.13427E+00    0.25958E+02    0.20451E+03    0.19454E-20    0.20867E+03    0.12697E+01    0.13709E+01    0.90770E+02
    0.13627E+00    0.26011E+02    0.20497E+03    0.19692E-20    0.20914E+03    0.12695E+01    0.13707E+01    0.90769E+02
    0.13828E+00    0.26063E+02    0.20542E+03    0.19928E-20    0.20960E+03    0.12692E+01    0.13704E+01    0.90768E+02
    0.14028E+00    0.26114E+02    0.20586E+03    0.20163E-20    0.21005E+03    0.12690E+01    0.13702E+01    0.90767E+02
    0.14228E+00    0.26163E+02    0.20628E+03    0.20397E-20    0.21049E+03    0.12687E+01    0.13699E+01    0.90765E+02
    0.14429E+00    0.26211E+02    0.20670E+03    0.20629E-20    0.21091E+03    0.12685E+01    0.13697E+01    0.90764E+02
    0.14629E+00    0.26258E+02    0.20711E+03    0.20861E-20    0.21133E+03    0.12683E+01    0.13694E+01    0.90763E+02
    0.14830E+00    0.26304E+02    0.20750E+03    0.21091E-20    0.21174E+03    0.12680E+01    0.13692E+01    0.90761E+02
    0.15030E+00    0.26348E+02    0.20789E+03    0.21320E-20    0.21213E+03    0.12678E+01    0.13690E+01    0.90760E+02
    0.15230E+00    0.26392E+02    0.20827E+03    0.21548E-20    0.21252E+03    0.12676E+01    0.13688E+01    0.90759E+02
    0.15431E+00    0.26434E+02    0.20864E+03    0.21774E-20    0.21290E+03    0.12674E+01    0.13685E+01    0.90758E+02
    0.15631E+00    0.26475E+02    0.20900E+03    0.22000E-20    0.21327E+03    0.12672E+01    0.13683E+01    0.90757E+02
    0.15832E+00    0.26515E+02    0.20936E+03    0.22224E-20    0.21363E+03    0.12669E+01    0.13681E+01    0.90756E+02
    0.16032E+00    0.26555E+02    0.20970E+03    0.22447E-20    0.21398E+03    0.12667E+01    0.13679E+01    0.90754E+02
    0.16232E+00    0.26593E+02    0.21004E+03    0.22669E-20    0.21433E+03    0.12665E+01    0.13677E+01    0.90753E+02
    0.16433E+00    0.26631E+02    0.21037E+03    0.22890E-20    0.21467E+03    0.12663E+01    0.13674E+01    0.90752E+02
    0.16633E+00    0.26667E+02    0.21069E+03    0.23110E-20    0.21500E+03    0.12661E+01    0.13672E+01    0.90751E+02
    0.16834E+00    0.26703E+02    0.21101E+03    0.23329E-20    0.21532E+03    0.12659E+01    0.13670E+01    0.90750E+02
    0.17034E+00    0.26738E+02    0.21132E+03    0.23546E-20    0.21564E+03    0.12657E+01    0.13668E+01    0.90749E+02
    0.17234E+00    0.26772E+02    0.21162E+03    0.23763E-20    0.21595E+03    0.12655E+01    0.13666E+01    0.90748E+02
    0.17435E+00    0.26806E+02    0.21192E+03    0.23978E-20    0.21625E+03    0.12653E+01    0.13664E+01    0.90747E+02
    0.17635E+00    0.26838E+02    0.21221E+03    0.24192E-20    0.21654E+03    0.12651E+01    0.13662E+01    0.90746E+02
    0.17836E+00    0.26870E+02    0.21249E+03    0.24406E-20    0.21684E+03    0.12650E+01    0.13661E+01    0.90745E+02
    0.18036E+00    0.26901E+02    0.21277E+03    0.24618E-20    0.21712E+03    0.12648E+01    0.13659E+01    0.90744E+02
    0.18236E+00    0.26932E+02    0.21304E+03    0.24829E-20    0.21740E+03    0.12646E+01    0.13657E+01    0.90743E+02
    0.18437E+00    0.26962E+02    0.21331E+03    0.25039E-20    0.21767E+03    0.12644E+01    0.13655E+01    0.90742E+02
    0.18637E+00    0.26991E+02    0.21357E+03    0.25249E-20    0.21794E+03    0.12642E+01    0.13653E+01    0.90741E+02
    0.18838E+00    0.27020E+02    0.21383E+03    0.25457E-20    0.21820E+03    0.12640E+01    0.13651E+01    0.90740E+02
    0.19038E+00    0.27048E+02    0.21408E+03    0.25664E-20    0.21846E+03    0.12639E+01    0.13649E+01    0.90739E+02
    0.19238E+00    0.27075E+02    0.21433E+03    0.25870E-20    0.21871E+03    0.12637E+01    0.13648E+01    0.90738E+02
    0.19439E+00    0.27102E+02    0.21457E+03    0.26075E-20    0.21896E+03    0.12635E+01    0.13646E+01    0.90737E+02
    0.19639E+00    0.27129E+02    0.21481E+03    0.26279E-20    0.21920E+03    0.12634E+01    0.13644E+01    0.90736E+02
    0.19840E+00    0.27154E+02    0.21504E+03    0.26482E-20    0.21944E+03    0.12632E+01    0.13642E+01    0.90735E+02
    0.20040E+00    0.27180E+02    0.21527E+03    0.26684E-20    0.21967E+03    0.12630E+01    0.13641E+01    0.90734E+02
    0.20240E+00    0.27204E+02    0.21549E+03    0.26885E-20    0.21990E+03    0.12629E+01    0.13639E+01    0.90733E+02
    0.20441E+00    0.27229E+02    0.21571E+03    0.27086E-20    0.22013E+03    0.12627E+01    0.13637E+01    0.90732E+02
    0.20641E+00    0.27252E+02    0.21593E+03    0.27285E-20    0.22035E+03    0.12625E+01    0.13636E+01    0.90732E+02
    0.20842E+00    0.27276E+02    0.21614E+03    0.27483E-20    0.22057E+03    0.12624E+01    0.13634E+01    0.90731E+02
    0.21042E+00    0.27299E+02    0.21635E+03    0.27681E-20    0.22078E+03    0.12622E+01    0.13633E+01    0.90730E+02
    0.21242E+00    0.27321E+02    0.21655E+03    0.27877E-20    0.22099E+03    0.12621E+01    0.13631E+01    0.90729E+02
    0.21443E+00    0.27343E+02    0.21675E+03    0.28073E-20    0.22119E+03    0.12619E+01    0.13629E+01    0.90728E+02
    0.21643E+00    0.27365E+02    0.21695E+03    0.28267E-20    0.22140E+03    0.12618E+01    0.13628E+01    0.90727E+02
    0.21844E+00    0.27386E+02    0.21714E+03    0.28461E-20    0.22159E+03    0.12616E+01    0.13626E+01    0.90727E+02
    0.22044E+00    0.27407E+02    0.21733E+03    0.28654E-20    0.22179E+03    0.12615E+01    0.13625E+01    0.90726E+02
    0.22244E+00    0.27427E+02    0.21752E+03    0.28846E-20    0.22198E+03    0.12613E+01    0.13623E+01    0.90725E+02
    0.22445E+00    0.27447E+02    0.21771E+03    0.29037E-20    0.22217E+03    0.12612E+01    0.13622E+01    0.90724E+02
    0.22645E+00    0.27467E+02    0.21789E+03    0.29227E-20    0.22235E+03    0.12610E+01    0.13620E+01    0.90723E+02
    0.22846E+00    0.27486E+02    0.21806E+03    0.29416E-20    0.22253E+03    0.12609E+01    0.13619E+01    0.90723E+02
    0.23046E+00    0.27505E+02    0.21824E+03    0.29604E-20    0.22271E+03    0.12607E+01    0.13617E+01    0.90722E+02
    0.23246E+00    0.27523E+02    0.21841E+03    0.29792E-20    0.22289E+03    0.12606E+01    0.13616E+01    0.90721E+02
    0.23447E+00    0.27542E+02    0.21858E+03    0.29978E-20    0.22306E+03    0.12605E+01    0.13615E+01    0.90720E+02
    0.23647E+00    0.27560E+02    0.21874E+03    0.30164E-20    0.22323E+03    0.12603E+01    0.13613E+01    0.90720E+02
    0.23848E+00    0.27577E+02    0.21891E+03    0.30349E-20    0.22340E+03    0.12602E+01    0.13612E+01    0.90719E+02
    0.24048E+00    0.27594E+02    0.21907E+03    0.30533E-20    0.22356E+03    0.12601E+01    0.13610E+01    0.90718E+02
    0.24248E+00    0.27611E+02    0.21923E+03    0.30716E-20    0.22373E+03    0.12599E+01    0.13609E+01    0.90717E+02
    0.24449E+00    0.27628E+02    0.21938E+03    0.30899E-20    0.22388E+03    0.12598E+01    0.13608E+01    0.90717E+02
    0.24649E+00    0.27645E+02    0.21954E+03    0.31080E-20    0.22404E+03    0.12597E+01    0.13606E+01    0.90716E+02
    0.24850E+00    0.27661E+02    0.21969E+03    0.31261E-20    0.22420E+03    0.12595E+01    0.13605E+01    0.90715E+02
    0.25050E+00    0.27677E+02    0.21983E+03    0.31441E-20    0.22435E+03    0.12594E+01    0.13604E+01    0.90715E+02
    0.25251E+00    0.27692E+02    0.21998E+03    0.31620E-20    0.22450E+03    0.12593E+01    0.13603E+01    0.90714E+02
    0.25451E+00    0.27707E+02    0.22012E+03    0.31799E-20    0.22464E+03    0.12591E+01    0.13601E+01    0.90713E+02
    0.25651E+00    0.27723E+02    0.22027E+03    0.31976E-20    0.22479E+03    0.12590E+01    0.13600E+01    0.90712E+02
    0.25852E+00    0.27737E+02    0.22041E+03    0.32153E-20    0.22493E+03    0.12589E+01    0.13599E+01    0.90712E+02
    0.26052E+00    0.27752E+02    0.22054E+03    0.32329E-20    0.22507E+03    0.12588E+01    0.13597E+01    0.90711E+02
    0.26253E+00    0.27766E+02    0.22068E+03    0.32504E-20    0.22521E+03    0.12587E+01    0.13596E+01    0.90710E+02
    0.26453E+00    0.27780E+02    0.22081E+03    0.32679E-20    0.22535E+03    0.12585E+01    0.13595E+01    0.90710E+02
    0.26653E+00    0.27794E+02    0.22094E+03    0.32852E-20    0.22548E+03    0.12584E+01    0.13594E+01    0.90709E+02
    0.26854E+00    0.27808E+02    0.22107E+03    0.33025E-20    0.22561E+03    0.12583E+01    0.13593E+01    0.90708E+02
    0.27054E+00    0.27821E+02    0.22120E+03    0.33198E-20    0.22574E+03    0.12582E+01    0.13591E+01    0.90708E+02
    0.27255E+00    0.27835E+02    0.22133E+03    0.33369E-20    0.22587E+03    0.12581E+01    0.13590E+01    0.90707E+02
    0.27455E+00    0.27848E+02    0.22145E+03    0.33540E-20    0.22600E+03    0.12579E+01    0.13589E+01    0.90707E+02
    0.27655E+00    0.27860E+02    0.22157E+03    0.33710E-20    0.22613E+03    0.12578E+01    0.13588E+01    0.90706E+02
    0.27856E+00    0.27873E+02    0.22169E+03    0.33879E-20    0.22625E+03    0.12577E+01    0.13587E+01    0.90705E+02
    0.28056E+00    0.27885E+02    0.22181E+03    0.34047E-20    0.22637E+03    0.12576E+01    0.13586E+01    0.90705E+02
    0.28257E+00    0.27898E+02    0.22193E+03    0.34215E-20    0.22649E+03    0.12575E+01    0.13584E+01    0.90704E+02
    0.28457E+00    0.27910E+02    0.22204E+03    0.34382E-20    0.22661E+03    0.12574E+01    0.13583E+01    0.90704E+02
    0.28657E+00    0.27922E+02    0.22216E+03    0.34548E-20    0.22672E+03    0.12573E+01    0.13582E+01    0.90703E+02
    0.28858E+00    0.27933E+02    0.22227E+03    0.34714E-20    0.22684E+03    0.12572E+01    0.13581E+01    0.90702E+02
    0.29058E+00    0.27945E+02    0.22238E+03    0.34879E-20    0.22695E+03    0.12571E+01    0.13580E+01    0.90702E+02
    0.29259E+00    0.27956E+02    0.22249E+03    0.35043E-20    0.22706E+03    0.12570E+01    0.13579E+01    0.90701E+02
    0.29459E+00    0.27967E+02    0.22260E+03    0.35206E-20    0.22717E+03    0.12568E+01    0.13578E+01    0.90701E+02
    0.29659E+00    0.27978E+02    0.22270E+03    0.35369E-20    0.22728E+03    0.12567E+01    0.13577E+01    0.90700E+02
    0.29860E+00    0.27989E+02    0.22281E+03    0.35531E-20    0.22739E+03    0.12566E+01    0.13576E+01    0.90699E+02
    0.30060E+00    0.28000E+02    0.22291E+03    0.35692E-20    0.22750E+03    0.12565E+01    0.13575E+01    0.90699E+02
    0.30261E+00    0.28010E+02    0.22301E+03    0.35853E-20    0.22760E+03    0.12564E+01    0.13574E+01    0.90698E+02
    0.30461E+00    0.28021E+02    0.22311E+03    0.36013E-20    0.22770E+03    0.12563E+01    0.13573E+01    0.90698E+02
    0.30661E+00    0.28031E+02    0.22321E+03    0.36173E-20    0.22781E+03    0.12562E+01    0.13572E+01    0.90697E+02
    0.30862E+00    0.28041E+02    0.22331E+03    0.36331E-20    0.22791E+03    0.12561E+01    0.13571E+01    0.90697E+02
    0.31062E+00    0.28051E+02    0.22341E+03    0.36489E-20    0.22801E+03    0.12560E+01    0.13570E+01    0.90696E+02
    0.31263E+00    0.28061E+02    0.22350E+03    0.36647E-20    0.22810E+03    0.12559E+01    0.13569E+01    0.90696E+02
    0.31463E+00    0.28071E+02    0.22360E+03    0.36803E-20    0.22820E+03    0.12558E+01    0.13568E+01    0.90695E+02
    0.31663E+00    0.28080E+02    0.22369E+03    0.36959E-20    0.22830E+03    0.12557E+01    0.13567E+01    0.90695E+02
    0.31864E+00    0.28090E+02    0.22378E+03    0.37115E-20    0.22839E+03    0.12556E+01    0.13566E+01    0.90694E+02
    0.32064E+00    0.28099E+02    0.22387E+03    0.37270E-20    0.22848E+03    0.12555E+01    0.13565E+01    0.90693E+02
    0.32265E+00    0.28108E+02    0.22396E+03    0.37424E-20    0.22858E+03    0.12555E+01    0.13564E+01    0.90693E+02
    0.32465E+00    0.28117E+02    0.22405E+03    0.37577E-20    0.22867E+03    0.12554E+01    0.13563E+01    0.90692E+02
    0.32665E+00    0.28126E+02    0.22414E+03    0.37730E-20    0.22876E+03    0.12553E+01    0.13562E+01    0.90692E+02
    0.32866E+00    0.28135E+02    0.22423E+03    0.37882E-20    0.22884E+03    0.12552E+01    0.13561E+01    0.90691E+02
    0.33066E+00    0.28143E+02    0.22431E+03    0.38034E-20    0.22893E+03    0.12551E+01    0.13560E+01    0.90691E+02
    0.33267E+00    0.28152E+02    0.22440E+03    0.38185E-20    0.22902E+03    0.12550E+01    0.13559E+01    0.90690E+02
    0.33467E+00    0.28160E+02    0.22448E+03    0.38336E-20    0.22910E+03    0.12549E+01    0.13558E+01    0.90690E+02
    0.33667E+00    0.28169E+02    0.22456E+03    0.38485E-20    0.22919E+03    0.12548E+01    0.13557E+01    0.90689E+02
    0.33868E+00    0.28177E+02    0.22464E+03    0.38635E-20    0.22927E+03    0.12547E+01    0.13556E+01    0.90689E+02
    0.34068E+00    0.28185E+02    0.22472E+03    0.38783E-20    0.22935E+03    0.12546E+01    0.13555E+01    0.90688E+02
    0.34269E+00    0.28193E+02    0.22480E+03    0.38931E-20    0.22944E+03    0.12545E+01    0.13554E+01    0.90688E+02
    0.34469E+00    0.28201E+02    0.22488E+03    0.39078E-20    0.22952E+03    0.12545E+01    0.13553E+01    0.90688E+02
    0.34669E+00    0.28209E+02    0.22496E+03    0.39225E-20    0.22960E+03    0.12544E+01    0.13553E+01    0.90687E+02
    0.34870E+00    0.28217E+02    0.22504E+03    0.39371E-20    0.22968E+03    0.12543E+01    0.13552E+01    0.90687E+02
    0.35070E+00    0.28224E+02    0.22511E+03    0.39517E-20    0.22975E+03    0.12542E+01    0.13551E+01    0.90686E+02
    0.35271E+00    0.28232E+02    0.22519E+03    0.39662E-20    0.22983E+03    0.12541E+01    0.13550E+01    0.90686E+02
    0.35471E+00    0.28239E+02    0.22526E+03    0.39807E-20    0.22991E+03    0.12540E+01    0.13549E+01    0.90685E+02
    0.35671E+00    0.28247E+02    0.22534E+03    0.39950E-20    0.22998E+03    0.12540E+01    0.13548E+01    0.90685E+02
    0.35872E+00    0.28254E+02    0.22541E+03    0.40094E-20    0.23006E+03    0.12539E+01    0.13547E+01    0.90684E+02
    0.36072E+00    0.28261E+02    0.22548E+03    0.40237E-20    0.23013E+03    0.12538E+01    0.13547E+01    0.90684E+02
    0.36273E+00    0.28268E+02    0.22555E+03    0.40379E-20    0.23020E+03    0.12537E+01    0.13546E+01    0.90683E+02
    0.36473E+00    0.28275E+02    0.22562E+03    0.40520E-20    0.23028E+03    0.12536E+01    0.13545E+01    0.90683E+02
    0.36673E+00    0.28282E+02    0.22569E+03    0.40661E-20    0.23035E+03    0.12535E+01    0.13544E+01    0.90682E+02
    0.36874E+00    0.28289E+02    0.22576E+03    0.40802E-20    0.23042E+03    0.12535E+01    0.13543E+01    0.90682E+02
    0.37074E+00    0.28296E+02    0.22583E+03    0.40942E-20    0.23049E+03    0.12534E+01    0.13543E+01    0.90682E+02
    0.37275E+00    0.28302E+02    0.22590E+03    0.41081E-20    0.23056E+03    0.12533E+01    0.13542E+01    0.90681E+02
    0.37475E+00    0.28309E+02    0.22596E+03    0.41220E-20    0.23063E+03    0.12532E+01    0.13541E+01    0.90681E+02
    0.37675E+00    0.28315E+02    0.22603E+03    0.41359E-20    0.23069E+03    0.12532E+01    0.13540E+01    0.90680E+02
    0.37876E+00    0.28322E+02    0.22610E+03    0.41496E-20    0.23076E+03    0.12531E+01    0.13539E+01    0.90680E+02
    0.38076E+00    0.28328E+02    0.22616E+03    0.41634E-20    0.23083E+03    0.12530E+01    0.13539E+01    0.90679E+02
    0.38277E+00    0.28335E+02    0.22622E+03    0.41770E-20    0.23089E+03    0.12529E+01    0.13538E+01    0.90679E+02
    0.38477E+00    0.28341E+02    0.22629E+03    0.41907E-20    0.23096E+03    0.12529E+01    0.13537E+01    0.90679E+02
    0.38677E+00    0.28347E+02    0.22635E+03    0.42042E-20    0.23102E+03    0.12528E+01    0.13536E+01    0.90678E+02
    0.38878E+00    0.28353E+02    0.22641E+03    0.42177E-20    0.23108E+03    0.12527E+01    0.13536E+01    0.90678E+02
    0.39078E+00    0.28359E+02    0.22647E+03    0.42312E-20    0.23115E+03    0.12526E+01    0.13535E+01    0.90677E+02
    0.39279E+00    0.28365E+02    0.22653E+03    0.42446E-20    0.23121E+03    0.12526E+01    0.13534E+01    0.90677E+02
    0.39479E+00    0.28371E+02    0.22659E+03    0.42580E-20    0.23127E+03    0.12525E+01    0.13533E+01    0.90677E+02
    0.39679E+00    0.28377E+02    0.22665E+03    0.42713E-20    0.23133E+03    0.12524E+01    0.13533E+01    0.90676E+02
    0.39880E+00    0.28382E+02    0.22671E+03    0.42846E-20    0.23139E+03    0.12523E+01    0.13532E+01    0.90676E+02
    0.40080E+00    0.28388E+02    0.22677E+03    0.42978E-20    0.23145E+03    0.12523E+01    0.13531E+01    0.90675E+02
    0.40281E+00    0.28394E+02    0.22683E+03    0.43109E-20    0.23151E+03    0.12522E+01    0.13530E+01    0.90675E+02
    0.40481E+00    0.28399E+02    0.22689E+03    0.43240E-20    0.23157E+03    0.12521E+01    0.13530E+01    0.90675E+02
    0.40681E+00    0.28405E+02    0.22694E+03    0.43371E-20    0.23163E+03    0.12521E+01    0.13529E+01    0.90674E+02
    0.40882E+00    0.28410E+02    0.22700E+03    0.43501E-20    0.23169E+03    0.12520E+01    0.13528E+01    0.90674E+02
    0.41082E+00    0.28416E+02    0.22705E+03    0.43631E-20    0.23174E+03    0.12519E+01    0.13528E+01    0.90674E+02
    0.41283E+00    0.28421E+02    0.22711E+03    0.43760E-20    0.23180E+03    0.12518E+01    0.13527E+01    0.90673E+02
    0.41483E+00    0.28426E+02    0.22716E+03    0.43888E-20    0.23186E+03    0.12518E+01    0.13526E+01    0.90673E+02
    0.41683E+00    0.28432E+02    0.22722E+03    0.44017E-20    0.23191E+03    0.12517E+01    0.13525E+01    0.90672E+02
    0.41884E+00    0.28437E+02    0.22727E+03    0.44144E-20    0.23197E+03    0.12516E+01    0.13525E+01    0.90672E+02
    0.42084E+00    0.28442E+02    0.22733E+03    0.44271E-20    0.23202E+03    0.12516E+01    0.13524E+01    0.90672E+02
    0.42285E+00    0.28447E+02    0.22738E+03    0.44398E-20    0.23208E+03    0.12515E+01    0.13523E+01    0.90671E+02
    0.42485E+00    0.28452E+02    0.22743E+03    0.44524E-20    0.23213E+03    0.12514E+01    0.13523E+01    0.90671E+02
    0.42685E+00    0.28457E+02    0.22748E+03    0.44650E-20    0.23218E+03    0.12514E+01    0.13522E+01    0.90671E+02
    0.42886E+00    0.28462E+02    0.22753E+03    0.44776E-20    0.23223E+03    0.12513E+01    0.13521E+01    0.90670E+02
    0.43086E+00    0.28467E+02    0.22758E+03    0.44900E-20    0.23229E+03    0.12512E+01    0.13521E+01    0.90670E+02
    0.43287E+00    0.28472E+02    0.22763E+03    0.45025E-20    0.23234E+03    0.12512E+01    0.13520E+01    0.90669E+02
    0.43487E+00    0.28476E+02    0.22768E+03    0.45149E-20    0.23239E+03    0.12511E+01    0.13519E+01    0.90669E+02
    0.43687E+00    0.28481E+02    0.22773E+03    0.45272E-20    0.23244E+03    0.12511E+01    0.13519E+01    0.90669E+02
    0.43888E+00    0.28486E+02    0.22778E+03    0.45395E-20    0.23249E+03    0.12510E+01    0.13518E+01    0.90668E+02
    0.44088E+00    0.28490E+02    0.22783E+03    0.45518E-20    0.23254E+03    0.12509E+01    0.13517E+01    0.90668E+02
    0.44289E+00    0.28495E+02    0.22788E+03    0.45640E-20    0.23259E+03    0.12509E+01    0.13517E+01    0.90668E+02
    0.44489E+00    0.28499E+02    0.22793E+03    0.45762E-20    0.23264E+03    0.12508E+01    0.13516E+01    0.90667E+02
    0.44689E+00    0.28504E+02    0.22797E+03    0.45883E-20    0.23269E+03    0.12507E+01    0.13516E+01    0.90667E+02
    0.44890E+00    0.28508E+02    0.22802E+03    0.46004E-20    0.23273E+03    0.12507E+01    0.13515E+01    0.90667E+02
    0.45090E+00    0.28513E+02    0.22807E+03    0.46124E-20    0.23278E+03    0.12506E+01    0.13514E+01    0.90666E+02
    0.45291E+00    0.28517E+02    0.22811E+03    0.46244E-20    0.23283E+03    0.12506E+01    0.13514E+01    0.90666E+02
    0.45491E+00    0.28522E+02    0.22816E+03    0.46364E-20    0.23288E+03    0.12505E+01    0.13513E+01    0.90666E+02
    0.45691E+00    0.28526E+02    0.22820E+03    0.46483E-20    0.23292E+03    0.12504E+01    0.13512E+01    0.90665E+02
    0.45892E+00    0.28530E+02    0.22825E+03    0.46601E-20    0.23297E+03    0.12504E+01    0.13512E+01    0.90665E+02
    0.46092E+00    0.28534E+02    0.22829E+03    0.46720E-20    0.23301E+03    0.12503E+01    0.13511E+01    0.90665E+02
    0.46293E+00    0.28538E+02    0.22834E+03    0.46837E-20    0.23306E+03    0.12503E+01    0.13511E+01    0.90664E+02
    0.46493E+00    0.28543E+02    0.22838E+03    0.46955E-20    0.23310E+03    0.12502E+01    0.13510E+01    0.90664E+02
    0.46693E+00    0.28547E+02    0.22842E+03    0.47072E-20    0.23315E+03    0.12501E+01    0.13509E+01    0.90664E+02
    0.46894E+00    0.28551E+02    0.22847E+03    0.47188E-20    0.23319E+03    0.12501E+01    0.13509E+01    0.90663E+02
    0.47094E+00    0.28555E+02    0.22851E+03    0.47304E-20    0.23324E+03    0.12500E+01    0.13508E+01    0.90663E+02
    0.47295E+00    0.28559E+02    0.22855E+03    0.47420E-20    0.23328E+03    0.12500E+01    0.13508E+01    0.90663E+02
    0.47495E+00    0.28563E+02    0.22859E+03    0.47535E-20    0.23332E+03    0.12499E+01    0.13507E+01    0.90662E+02
    0.47695E+00    0.28567E+02    0.22864E+03    0.47650E-20    0.23337E+03    0.12499E+01    0.13507E+01    0.90662E+02
    0.47896E+00    0.28571E+02    0.22868E+03    0.47765E-20    0.23341E+03    0.12498E+01    0.13506E+01    0.90662E+02
    0.48096E+00    0.28574E+02    0.22872E+03    0.47879E-20    0.23345E+03    0.12497E+01    0.13505E+01    0.90662E+02
    0.48297E+00    0.28578E+02    0.22876E+03    0.47992E-20    0.23349E+03    0.12497E+01    0.13505E+01    0.90661E+02
    0.48497E+00    0.28582E+02    0.22880E+03    0.48106E-20    0.23353E+03    0.12496E+01    0.13504E+01    0.90661E+02
    0.48697E+00    0.28586E+02    0.22884E+03    0.48218E-20    0.23357E+03    0.12496E+01    0.13504E+01    0.90661E+02
    0.48898E+00    0.28589E+02    0.22888E+03    0.48331E-20    0.23362E+03    0.12495E+01    0.13503E+01    0.90660E+02
    0.49098E+00    0.28593E+02    0.22892E+03    0.48443E-20    0.23366E+03    0.12495E+01    0.13503E+01    0.90660E+02
    0.49299E+00    0.28597E+02    0.22896E+03    0.48555E-20    0.23370E+03    0.12494E+01    0.13502E+01    0.90660E+02
    0.49499E+00    0.28600E+02    0.22900E+03    0.48666E-20    0.23374E+03    0.12494E+01    0.13501E+01    0.90659E+02
    0.49699E+00    0.28604E+02    0.22904E+03    0.48777E-20    0.23378E+03    0.12493E+01    0.13501E+01    0.90659E+02
    0.49900E+00    0.28608E+02    0.22907E+03    0.48887E-20    0.23381E+03    0.12493E+01    0.13500E+01    0.90659E+02
    0.50100E+00    0.28611E+02    0.22911E+03    0.48997E-20    0.23385E+03    0.12492E+01    0.13500E+01    0.90659E+02
    0.50301E+00    0.28615E+02    0.22915E+03    0.49107E-20    0.23389E+03    0.12492E+01    0.13499E+01    0.90658E+02
    0.50501E+00    0.28618E+02    0.22919E+03    0.49216E-20    0.23393E+03    0.12491E+01    0.13499E+01    0.90658E+02
    0.50701E+00    0.28621E+02    0.22922E+03    0.49325E-20    0.23397E+03    0.12490E+01    0.13498E+01    0.90658E+02
    0.50902E+00    0.28625E+02    0.22926E+03    0.49434E-20    0.23401E+03    0.12490E+01    0.13498E+01    0.90657E+02
    0.51102E+00    0.28628E+02    0.22930E+03    0.49542E-20    0.23404E+03    0.12489E+01    0.13497E+01    0.90657E+02
    0.51303E+00    0.28632E+02    0.22933E+03    0.49650E-20    0.23408E+03    0.12489E+01    0.13497E+01    0.90657E+02
    0.51503E+00    0.28635E+02    0.22937E+03    0.49758E-20    0.23412E+03    0.12488E+01    0.13496E+01    0.90657E+02
    0.51703E+00    0.28638E+02    0.22941E+03    0.49865E-20    0.23415E+03    0.12488E+01    0.13496E+01    0.90656E+02
    0.51904E+00    0.28642E+02    0.22944E+03    0.49971E-20    0.23419E+03    0.12487E+01    0.13495E+01    0.90656E+02
    0.52104E+00    0.28645E+02    0.22948E+03    0.50078E-20    0.23423E+03    0.12487E+01    0.13495E+01    0.90656E+02
    0.52305E+00    0.28648E+02    0.22951E+03    0.50184E-20    0.23426E+03    0.12486E+01    0.13494E+01    0.90655E+02
    0.52505E+00    0.28651E+02    0.22955E+03    0.50289E-20    0.23430E+03    0.12486E+01    0.13494E+01    0.90655E+02
    0.52705E+00    0.28654E+02    0.22958E+03    0.50395E-20    0.23433E+03    0.12485E+01    0.13493E+01    0.90655E+02
    0.52906E+00    0.28658E+02    0.22961E+03    0.50500E-20    0.23437E+03    0.12485E+01    0.13493E+01    0.90655E+02
    0.53106E+00    0.28661E+02    0.22965E+03    0.50604E-20    0.23440E+03    0.12484E+01    0.13492E+01    0.90654E+02
    0.53307E+00    0.28664E+02    0.22968E+03    0.50708E-20    0.23444E+03    0.12484E+01    0.13492E+01    0.90654E+02
    0.53507E+00    0.28667E+02    0.22972E+03    0.50812E-20    0.23447E+03    0.12484E+01    0.13491E+01    0.90654E+02
    0.53707E+00    0.28670E+02    0.22975E+03    0.50916E-20    0.23451E+03    0.12483E+01    0.13491E+01    0.90654E+02
    0.53908E+00    0.28673E+02    0.22978E+03    0.51019E-20    0.23454E+03    0.12483E+01    0.13490E+01    0.90653E+02
    0.54108E+00    0.28676E+02    0.22982E+03    0.51122E-20    0.23457E+03    0.12482E+01    0.13490E+01    0.90653E+02
    0.54309E+00    0.28679E+02    0.22985E+03    0.51224E-20    0.23461E+03    0.12482E+01    0.13489E+01    0.90653E+02
    0.54509E+00    0.28682E+02    0.22988E+03    0.51326E-20    0.23464E+03    0.12481E+01    0.13489E+01    0.90653E+02
    0.54709E+00    0.28685E+02    0.22991E+03    0.51428E-20    0.23467E+03    0.12481E+01    0.13488E+01    0.90652E+02
    0.54910E+00    0.28688E+02    0.22994E+03    0.51530E-20    0.23471E+03    0.12480E+01    0.13488E+01    0.90652E+02
    0.55110E+00    0.28691E+02    0.22998E+03    0.51631E-20    0.23474E+03    0.12480E+01    0.13487E+01    0.90652E+02
    0.55311E+00    0.28694E+02    0.23001E+03    0.51731E-20    0.23477E+03    0.12479E+01    0.13487E+01    0.90651E+02
    0.55511E+00    0.28696E+02    0.23004E+03    0.51832E-20    0.23480E+03    0.12479E+01    0.13486E+01    0.90651E+02
    0.55711E+00    0.28699E+02    0.23007E+03    0.51932E-20    0.23484E+03    0.12478E+01    0.13486E+01    0.90651E+02
    0.55912E+00    0.28702E+02    0.23010E+03    0.52032E-20    0.23487E+03    0.12478E+01    0.13485E+01    0.90651E+02
    0.56112E+00    0.28705E+02    0.23013E+03    0.52131E-20    0.23490E+03    0.12477E+01    0.13485E+01    0.90650E+02
    0.56313E+00    0.28708E+02    0.23016E+03    0.52230E-20    0.23493E+03    0.12477E+01    0.13485E+01    0.90650E+02
    0.56513E+00    0.28710E+02    0.23019E+03    0.52329E-20    0.23496E+03    0.12477E+01    0.13484E+01    0.90650E+02
    0.56713E+00    0.28713E+02    0.23022E+03    0.52427E-20    0.23499E+03    0.12476E+01    0.13484E+01    0.90650E+02
    0.56914E+00    0.28716E+02    0.23025E+03    0.52525E-20    0.23502E+03    0.12476E+01    0.13483E+01    0.90650E+02
    0.57114E+00    0.28719E+02    0.23028E+03    0.52623E-20    0.23505E+03    0.12475E+01    0.13483E+01    0.90649E+02
    0.57315E+00    0.28721E+02    0.23031E+03    0.52721E-20    0.23508E+03    0.12475E+01    0.13482E+01    0.90649E+02
    0.57515E+00    0.28724E+02    0.23034E+03    0.52818E-20    0.23511E+03    0.12474E+01    0.13482E+01    0.90649E+02
    0.57715E+00    0.28726E+02    0.23037E+03    0.52915E-20    0.23514E+03    0.12474E+01    0.13481E+01    0.90649E+02
    0.57916E+00    0.28729E+02    0.23040E+03    0.53011E-20    0.23517E+03    0.12474E+01    0.13481E+01    0.90648E+02
    0.58116E+00    0.28732E+02    0.23043E+03    0.53107E-20    0.23520E+03    0.12473E+01    0.13481E+01    0.90648E+02
    0.58317E+00    0.28734E+02    0.23046E+03    0.53203E-20    0.23523E+03    0.12473E+01    0.13480E+01    0.90648E+02
    0.58517E+00    0.28737E+02    0.23048E+03    0.53299E-20    0.23526E+03    0.12472E+01    0.13480E+01    0.90648E+02
    0.58717E+00    0.28739E+02    0.23051E+03    0.53394E-20    0.23529E+03    0.12472E+01    0.13479E+01    0.90647E+02
    0.58918E+00    0.28742E+02    0.23054E+03    0.53489E-20    0.23532E+03    0.12471E+01    0.13479E+01    0.90647E+02
    0.59118E+00    0.28744E+02    0.23057E+03    0.53583E-20    0.23535E+03    0.12471E+01    0.13478E+01    0.90647E+02
    0.59319E+00    0.28747E+02    0.23060E+03    0.53678E-20    0.23538E+03    0.12471E+01    0.13478E+01    0.90647E+02
    0.59519E+00    0.28749E+02    0.23062E+03    0.53772E-20    0.23540E+03    0.12470E+01    0.13478E+01    0.90646E+02
    0.59719E+00    0.28752E+02    0.23065E+03    0.53865E-20    0.23543E+03    0.12470E+01    0.13477E+01    0.90646E+02
    0.59920E+00    0.28754E+02    0.23068E+03    0.53959E-20    0.23546E+03    0.12469E+01    0.13477E+01    0.90646E+02
    0.60120E+00    0.28757E+02    0.23071E+03    0.54052E-20    0.23549E+03    0.12469E+01    0.13476E+01    0.90646E+02
    0.60321E+00    0.28759E+02    0.23073E+03    0.54145E-20    0.23552E+03    0.12469E+01    0.13476E+01    0.90646E+02
    0.60521E+00    0.28762E+02    0.23076E+03    0.54237E-20    0.23554E+03    0.12468E+01    0.13475E+01    0.90645E+02
    0.60721E+00    0.28764E+02    0.23079E+03    0.54329E-20    0.23557E+03    0.12468E+01    0.13475E+01    0.90645E+02
    0.60922E+00    0.28766E+02    0.23081E+03    0.54421E-20    0.23560E+03    0.12467E+01    0.13475E+01    0.90645E+02
    0.61122E+00    0.28769E+02    0.23084E+03    0.54513E-20    0.23562E+03    0.12467E+01    0.13474E+01    0.90645E+02
    0.61323E+00    0.28771E+02    0.23086E+03    0.54604E-20    0.23565E+03    0.12467E+01    0.13474E+01    0.90644E+02
    0.61523E+00    0.28773E+02    0.23089E+03    0.54695E-20    0.23568E+03    0.12466E+01    0.13473E+01    0.90644E+02
    0.61723E+00    0.28776E+02    0.23092E+03    0.54786E-20    0.23570E+03    0.12466E+01    0.13473E+01    0.90644E+02
    0.61924E+00    0.28778E+02    0.23094E+03    0.54876E-20    0.23573E+03    0.12465E+01    0.13473E+01    0.90644E+02
    0.62124E+00    0.28780E+02    0.23097E+03    0.54966E-20    0.23576E+03    0.12465E+01    0.13472E+01    0.90644E+02
    0.62325E+00    0.28782E+02    0.23099E+03    0.55056E-20    0.23578E+03    0.12465E+01    0.13472E+01    0.90643E+02
    0.62525E+00    0.28785E+02    0.23102E+03    0.55146E-20    0.23581E+03    0.12464E+01    0.13471E+01    0.90643E+02
    0.62725E+00    0.28787E+02    0.23104E+03    0.55235E-20    0.23583E+03    0.12464E+01    0.13471E+01    0.90643E+02
    0.62926E+00    0.28789E+02    0.23107E+03    0.55324E-20    0.23586E+03    0.12463E+01    0.13471E+01    0.90643E+02
    0.63126E+00    0.28791E+02    0.23109E+03    0.55413E-20    0.23588E+03    0.12463E+01    0.13470E+01    0.90643E+02
    0.63327E+00    0.28793E+02    0.23112E+03    0.55501E-20    0.23591E+03    0.12463E+01    0.13470E+01    0.90642E+02
    0.63527E+00    0.28796E+02    0.23114E+03    0.55589E-20    0.23594E+03    0.12462E+01    0.13470E+01    0.90642E+02
    0.63727E+00    0.28798E+02    0.23116E+03    0.55677E-20    0.23596E+03    0.12462E+01    0.13469E+01    0.90642E+02
    0.63928E+00    0.28800E+02    0.23119E+03    0.55765E-20    0.23598E+03    0.12462E+01    0.13469E+01    0.90642E+02
    0.64128E+00    0.28802E+02    0.23121E+03    0.55852E-20    0.23601E+03    0.12461E+01    0.13468E+01    0.90641E+02
    0.64329E+00    0.28804E+02    0.23124E+03    0.55939E-20    0.23603E+03    0.12461E+01    0.13468E+01    0.90641E+02
    0.64529E+00    0.28806E+02    0.23126E+03    0.56026E-20    0.23606E+03    0.12460E+01    0.13468E+01    0.90641E+02
    0.64729E+00    0.28808E+02    0.23128E+03    0.56112E-20    0.23608E+03    0.12460E+01    0.13467E+01    0.90641E+02
    0.64930E+00    0.28810E+02    0.23131E+03    0.56199E-20    0.23611E+03    0.12460E+01    0.13467E+01    0.90641E+02
    0.65130E+00    0.28813E+02    0.23133E+03    0.56285E-20    0.23613E+03    0.12459E+01    0.13467E+01    0.90640E+02
    0.65331E+00    0.28815E+02    0.23135E+03    0.56370E-20    0.23615E+03    0.12459E+01    0.13466E+01    0.90640E+02
    0.65531E+00    0.28817E+02    0.23138E+03    0.56456E-20    0.23618E+03    0.12459E+01    0.13466E+01    0.90640E+02
    0.65731E+00    0.28819E+02    0.23140E+03    0.56541E-20    0.23620E+03    0.12458E+01    0.13465E+01    0.90640E+02
    0.65932E+00    0.28821E+02    0.23142E+03    0.56626E-20    0.23623E+03    0.12458E+01    0.13465E+01    0.90640E+02
    0.66132E+00    0.28823E+02    0.23145E+03    0.56710E-20    0.23625E+03    0.12458E+01    0.13465E+01    0.90639E+02
    0.66333E+00    0.28825E+02    0.23147E+03    0.56795E-20    0.23627E+03    0.12457E+01    0.13464E+01    0.90639E+02
    0.66533E+00    0.28827E+02    0.23149E+03    0.56879E-20    0.23629E+03    0.12457E+01    0.13464E+01    0.90639E+02
    0.66733E+00    0.28829E+02    0.23151E+03    0.56962E-20    0.23632E+03    0.12457E+01    0.13464E+01    0.90639E+02
    0.66934E+00    0.28831E+02    0.23153E+03    0.57046E-20    0.23634E+03    0.12456E+01    0.13463E+01    0.90639E+02
    0.67134E+00    0.28833E+02    0.23156E+03    0.57129E-20    0.23636E+03    0.12456E+01    0.13463E+01    0.90638E+02
    0.67335E+00    0.28835E+02    0.23158E+03    0.57212E-20    0.23639E+03    0.12456E+01    0.13463E+01    0.90638E+02
    0.67535E+00    0.28836E+02    0.23160E+03    0.57295E-20    0.23641E+03    0.12455E+01    0.13462E+01    0.90638E+02
    0.67735E+00    0.28838E+02    0.23162E+03    0.57378E-20    0.23643E+03    0.12455E+01    0.13462E+01    0.90638E+02
    0.67936E+00    0.28840E+02    0.23164E+03    0.57460E-20    0.23645E+03    0.12454E+01    0.13462E+01    0.90638E+02
    0.68136E+00    0.28842E+02    0.23167E+03    0.57542E-20    0.23647E+03    0.12454E+01    0.13461E+01    0.90638E+02
    0.68337E+00    0.28844E+02    0.23169E+03    0.57624E-20    0.23650E+03    0.12454E+01    0.13461E+01    0.90637E+02
    0.68537E+00    0.28846E+02    0.23171E+03    0.57705E-20    0.23652E+03    0.12453E+01    0.13460E+01    0.90637E+02
    0.68737E+00    0.28848E+02    0.23173E+03    0.57786E-20    0.23654E+03    0.12453E+01    0.13460E+01    0.90637E+02
    0.68938E+00    0.28850E+02    0.23175E+03    0.57867E-20    0.23656E+03    0.12453E+01    0.13460E+01    0.90637E+02
    0.69138E+00    0.28852E+02    0.23177E+03    0.57948E-20    0.23658E+03    0.12452E+01    0.13459E+01    0.90637E+02
    0.69339E+00    0.28853E+02    0.23179E+03    0.58029E-20    0.23660E+03    0.12452E+01    0.13459E+01    0.90636E+02
    0.69539E+00    0.28855E+02    0.23181E+03    0.58109E-20    0.23663E+03    0.12452E+01    0.13459E+01    0.90636E+02
    0.69739E+00    0.28857E+02    0.23183E+03    0.58189E-20    0.23665E+03    0.12452E+01    0.13458E+01    0.90636E+02
    0.69940E+00    0.28859E+02    0.23185E+03    0.58269E-20    0.23667E+03    0.12451E+01    0.13458E+01    0.90636E+02
    0.70140E+00    0.28861E+02    0.23187E+03    0.58348E-20    0.23669E+03    0.12451E+01    0.13458E+01    0.90636E+02
    0.70341E+00    0.28862E+02    0.23189E+03    0.58428E-20    0.23671E+03    0.12451E+01    0.13457E+01    0.90636E+02
    0.70541E+00    0.28864E+02    0.23192E+03    0.58507E-20    0.23673E+03    0.12450E+01    0.13457E+01    0.90635E+02
    0.70741E+00    0.28866E+02    0.23194E+03    0.58585E-20    0.23675E+03    0.12450E+01    0.13457E+01    0.90635E+02
    0.70942E+00    0.28868E+02    0.23196E+03    0.58664E-20    0.23677E+03    0.12450E+01    0.13457E+01    0.90635E+02
    0.71142E+00    0.28869E+02    0.23198E+03    0.58742E-20    0.23679E+03    0.12449E+01    0.13456E+01    0.90635E+02
    0.71343E+00    0.28871E+02    0.23199E+03    0.58820E-20    0.23681E+03    0.12449E+01    0.13456E+01    0.90635E+02
    0.71543E+00    0.28873E+02    0.23201E+03    0.58898E-20    0.23683E+03    0.12449E+01    0.13456E+01    0.90634E+02
    0.71743E+00    0.28875E+02    0.23203E+03    0.58976E-20    0.23685E+03    0.12448E+01    0.13455E+01    0.90634E+02
    0.71944E+00    0.28876E+02    0.23205E+03    0.59053E-20    0.23687E+03    0.12448E+01    0.13455E+01    0.90634E+02
    0.72144E+00    0.28878E+02    0.23207E+03    0.59130E-20    0.23689E+03    0.12448E+01    0.13455E+01    0.90634E+02
    0.72345E+00    0.28880E+02    0.23209E+03    0.59207E-20    0.23691E+03    0.12447E+01    0.13454E+01    0.90634E+02
    0.72545E+00    0.28881E+02    0.23211E+03    0.59284E-20    0.23693E+03    0.12447E+01    0.13454E+01    0.90634E+02
    0.72745E+00    0.28883E+02    0.23213E+03    0.59360E-20    0.23695E+03    0.12447E+01    0.13454E+01    0.90633E+02
    0.72946E+00    0.28885E+02    0.23215E+03    0.59437E-20    0.23697E+03    0.12446E+01    0.13453E+01    0.90633E+02
    0.73146E+00    0.28886E+02    0.23217E+03    0.59513E-20    0.23699E+03    0.12446E+01    0.13453E+01    0.90633E+02
    0.73347E+00    0.28888E+02    0.23219E+03    0.59588E-20    0.23701E+03    0.12446E+01    0.13453E+01    0.90633E+02
    0.73547E+00    0.28890E+02    0.23221E+03    0.59664E-20    0.23703E+03    0.12446E+01    0.13452E+01    0.90633E+02
    0.73747E+00    0.28891E+02    0.23222E+03    0.59739E-20    0.23705E+03    0.12445E+01    0.13452E+01    0.90633E+02
    0.73948E+00    0.28893E+02    0.23224E+03    0.59814E-20    0.23707E+03    0.12445E+01    0.13452E+01    0.90632E+02
    0.74148E+00    0.28894E+02    0.23226E+03    0.59889E-20    0.23709E+03    0.12445E+01    0.13452E+01    0.90632E+02
    0.74349E+00    0.28896E+02    0.23228E+03    0.59964E-20    0.23711E+03    0.12444E+01    0.13451E+01    0.90632E+02
    0.74549E+00    0.28898E+02    0.23230E+03    0.60038E-20    0.23712E+03    0.12444E+01    0.13451E+01    0.90632E+02
    0.74749E+00    0.28899E+02    0.23232E+03    0.60112E-20    0.23714E+03    0.12444E+01    0.13451E+01    0.90632E+02
    0.74950E+00    0.28901E+02    0.23233E+03    0.60186E-20    0.23716E+03    0.12444E+01    0.13450E+01    0.90632E+02
    0.75150E+00    0.28902E+02    0.23235E+03    0.60260E-20    0.23718E+03    0.12443E+01    0.13450E+01    0.90631E+02
    0.75351E+00    0.28904E+02    0.23237E+03    0.60334E-20    0.23720E+03    0.12443E+01    0.13450E+01    0.90631E+02
    0.75551E+00    0.28905E+02    0.23239E+03    0.60407E-20    0.23722E+03    0.12443E+01    0.13449E+01    0.90631E+02
    0.75752E+00    0.28907E+02    0.23241E+03    0.60480E-20    0.23724E+03    0.12442E+01    0.13449E+01    0.90631E+02
    0.75952E+00    0.28909E+02    0.23242E+03    0.60553E-20    0.23725E+03    0.12442E+01    0.13449E+01    0.90631E+02
    0.76152E+00    0.28910E+02    0.23244E+03    0.60626E-20    0.23727E+03    0.12442E+01    0.13449E+01    0.90631E+02
    0.76353E+00    0.28912E+02    0.23246E+03    0.60698E-20    0.23729E+03    0.12441E+01    0.13448E+01    0.90631E+02
    0.76553E+00    0.28913E+02    0.23248E+03    0.60770E-20    0.23731E+03    0.12441E+01    0.13448E+01    0.90630E+02
    0.76754E+00    0.28915E+02    0.23249E+03    0.60842E-20    0.23733E+03    0.12441E+01    0.13448E+01    0.90630E+02
    0.76954E+00    0.28916E+02    0.23251E+03    0.60914E-20    0.23734E+03    0.12441E+01    0.13447E+01    0.90630E+02
    0.77154E+00    0.28918E+02    0.23253E+03    0.60986E-20    0.23736E+03    0.12440E+01    0.13447E+01    0.90630E+02
    0.77355E+00    0.28919E+02    0.23255E+03    0.61057E-20    0.23738E+03    0.12440E+01    0.13447E+01    0.90630E+02
    0.77555E+00    0.28921E+02    0.23256E+03    0.61128E-20    0.23740E+03    0.12440E+01    0.13447E+01    0.90630E+02
    0.77756E+00    0.28922E+02    0.23258E+03    0.61199E-20    0.23741E+03    0.12440E+01    0.13446E+01    0.90629E+02
    0.77956E+00    0.28923E+02    0.23260E+03    0.61270E-20    0.23743E+03    0.12439E+01    0.13446E+01    0.90629E+02
    0.78156E+00    0.28925E+02    0.23261E+03    0.61340E-20    0.23745E+03    0.12439E+01    0.13446E+01    0.90629E+02
    0.78357E+00    0.28926E+02    0.23263E+03    0.61411E-20    0.23746E+03    0.12439E+01    0.13445E+01    0.90629E+02
    0.78557E+00    0.28928E+02    0.23265E+03    0.61481E-20    0.23748E+03    0.12438E+01    0.13445E+01    0.90629E+02
    0.78758E+00    0.28929E+02    0.23266E+03    0.61551E-20    0.23750E+03    0.12438E+01    0.13445E+01    0.90629E+02
    0.78958E+00    0.28931E+02    0.23268E+03    0.61621E-20    0.23752E+03    0.12438E+01    0.13445E+01    0.90629E+02
    0.79158E+00    0.28932E+02    0.23270E+03    0.61690E-20    0.23753E+03    0.12438E+01    0.13444E+01    0.90628E+02
    0.79359E+00    0.28934E+02    0.23271E+03    0.61759E-20    0.23755E+03    0.12437E+01    0.13444E+01    0.90628E+02
    0.79559E+00    0.28935E+02    0.23273E+03    0.61829E-20    0.23757E+03    0.12437E+01    0.13444E+01    0.90628E+02
    0.79760E+00    0.28936E+02    0.23275E+03    0.61897E-20    0.23758E+03    0.12437E+01    0.13444E+01    0.90628E+02
    0.79960E+00    0.28938E+02    0.23276E+03    0.61966E-20    0.23760E+03    0.12437E+01    0.13443E+01    0.90628E+02
    0.80160E+00    0.28939E+02    0.23278E+03    0.62035E-20    0.23762E+03    0.12436E+01    0.13443E+01    0.90628E+02
    0.80361E+00    0.28940E+02    0.23279E+03    0.62103E-20    0.23763E+03    0.12436E+01    0.13443E+01    0.90627E+02
    0.80561E+00    0.28942E+02    0.23281E+03    0.62171E-20    0.23765E+03    0.12436E+01    0.13442E+01    0.90627E+02
    0.80762E+00    0.28943E+02    0.23283E+03    0.62239E-20    0.23767E+03    0.12436E+01    0.13442E+01    0.90627E+02
    0.80962E+00    0.28945E+02    0.23284E+03    0.62307E-20    0.23768E+03    0.12435E+01    0.13442E+01    0.90627E+02
    0.81162E+00    0.28946E+02    0.23286E+03    0.62374E-20    0.23770E+03    0.12435E+01    0.13442E+01    0.90627E+02
    0.81363E+00    0.28947E+02    0.23287E+03    0.62442E-20    0.23771E+03    0.12435E+01    0.13441E+01    0.90627E+02
    0.81563E+00    0.28949E+02    0.23289E+03    0.62509E-20    0.23773E+03    0.12435E+01    0.13441E+01    0.90627E+02
    0.81764E+00    0.28950E+02    0.23290E+03    0.62576E-20    0.23775E+03    0.12434E+01    0.13441E+01    0.90626E+02
    0.81964E+00    0.28951E+02    0.23292E+03    0.62642E-20    0.23776E+03    0.12434E+01    0.13441E+01    0.90626E+02
    0.82164E+00    0.28953E+02    0.23293E+03    0.62709E-20    0.23778E+03    0.12434E+01    0.13440E+01    0.90626E+02
    0.82365E+00    0.28954E+02    0.23295E+03    0.62775E-20    0.23779E+03    0.12434E+01    0.13440E+01    0.90626E+02
    0.82565E+00    0.28955E+02    0.23296E+03    0.62842E-20    0.23781E+03    0.12433E+01    0.13440E+01    0.90626E+02
    0.82766E+00    0.28957E+02    0.23298E+03    0.62908E-20    0.23782E+03    0.12433E+01    0.13440E+01    0.90626E+02
    0.82966E+00    0.28958E+02    0.23299E+03    0.62973E-20    0.23784E+03    0.12433E+01    0.13439E+01    0.90626E+02
    0.83166E+00    0.28959E+02    0.23301E+03    0.63039E-20    0.23786E+03    0.12433E+01    0.13439E+01    0.90626E+02
    0.83367E+00    0.28960E+02    0.23302E+03    0.63104E-20    0.23787E+03    0.12432E+01    0.13439E+01    0.90625E+02
    0.83567E+00    0.28962E+02    0.23304E+03    0.63170E-20    0.23789E+03    0.12432E+01    0.13439E+01    0.90625E+02
    0.83768E+00    0.28963E+02    0.23305E+03    0.63235E-20    0.23790E+03    0.12432E+01    0.13438E+01    0.90625E+02
    0.83968E+00    0.28964E+02    0.23307E+03    0.63300E-20    0.23792E+03    0.12432E+01    0.13438E+01    0.90625E+02
    0.84168E+00    0.28966E+02    0.23308E+03    0.63364E-20    0.23793E+03    0.12431E+01    0.13438E+01    0.90625E+02
    0.84369E+00    0.28967E+02    0.23310E+03    0.63429E-20    0.23795E+03    0.12431E+01    0.13438E+01    0.90625E+02
    0.84569E+00    0.28968E+02    0.23311E+03    0.63493E-20    0.23796E+03    0.12431E+01    0.13437E+01    0.90625E+02
    0.84770E+00    0.28969E+02    0.23313E+03    0.63557E-20    0.23798E+03    0.12431E+01    0.13437E+01    0.90624E+02
    0.84970E+00    0.28971E+02    0.23314E+03    0.63621E-20    0.23799E+03    0.12430E+01    0.13437E+01    0.90624E+02
    0.85170E+00    0.28972E+02    0.23316E+03    0.63685E-20    0.23801E+03    0.12430E+01    0.13437E+01    0.90624E+02
    0.85371E+00    0.28973E+02    0.23317E+03    0.63748E-20    0.23802E+03    0.12430E+01    0.13436E+01    0.90624E+02
    0.85571E+00    0.28974E+02    0.23319E+03    0.63812E-20    0.23804E+03    0.12430E+01    0.13436E+01    0.90624E+02
    0.85772E+00    0.28975E+02    0.23320E+03    0.63875E-20    0.23805E+03    0.12429E+01    0.13436E+01    0.90624E+02
    0.85972E+00    0.28977E+02    0.23321E+03    0.63938E-20    0.23806E+03    0.12429E+01    0.13436E+01    0.90624E+02
    0.86172E+00    0.28978E+02    0.23323E+03    0.64001E-20    0.23808E+03    0.12429E+01    0.13435E+01    0.90623E+02
    0.86373E+00    0.28979E+02    0.23324E+03    0.64064E-20    0.23809E+03    0.12429E+01    0.13435E+01    0.90623E+02
    0.86573E+00    0.28980E+02    0.23326E+03    0.64126E-20    0.23811E+03    0.12428E+01    0.13435E+01    0.90623E+02
    0.86774E+00    0.28981E+02    0.23327E+03    0.64188E-20    0.23812E+03    0.12428E+01    0.13435E+01    0.90623E+02
    0.86974E+00    0.28983E+02    0.23328E+03    0.64251E-20    0.23814E+03    0.12428E+01    0.13434E+01    0.90623E+02
    0.87174E+00    0.28984E+02    0.23330E+03    0.64313E-20    0.23815E+03    0.12428E+01    0.13434E+01    0.90623E+02
    0.87375E+00    0.28985E+02    0.23331E+03    0.64374E-20    0.23816E+03    0.12428E+01    0.13434E+01    0.90623E+02
    0.87575E+00    0.28986E+02    0.23333E+03    0.64436E-20    0.23818E+03    0.12427E+01    0.13434E+01    0.90623E+02
    0.87776E+00    0.28987E+02    0.23334E+03    0.64497E-20    0.23819E+03    0.12427E+01    0.13434E+01    0.90622E+02
    0.87976E+00    0.28988E+02    0.23335E+03    0.64559E-20    0.23821E+03    0.12427E+01    0.13433E+01    0.90622E+02
    0.88176E+00    0.28990E+02    0.23337E+03    0.64620E-20    0.23822E+03    0.12427E+01    0.13433E+01    0.90622E+02
    0.88377E+00    0.28991E+02    0.23338E+03    0.64681E-20    0.23823E+03    0.12426E+01    0.13433E+01    0.90622E+02
    0.88577E+00    0.28992E+02    0.23339E+03    0.64742E-20    0.23825E+03    0.12426E+01    0.13433E+01    0.90622E+02
    0.88778E+00    0.28993E+02    0.23341E+03    0.64802E-20    0.23826E+03    0.12426E+01    0.13432E+01    0.90622E+02
    0.88978E+00    0.28994E+02    0.23342E+03    0.64863E-20    0.23828E+03    0.12426E+01    0.13432E+01    0.90622E+02
    0.89178E+00    0.28995E+02    0.23343E+03    0.64923E-20    0.23829E+03    0.12426E+01    0.13432E+01    0.90622E+02
    0.89379E+00    0.28996E+02    0.23345E+03    0.64983E-20    0.23830E+03    0.12425E+01    0.13432E+01    0.90621E+02
    0.89579E+00    0.28998E+02    0.23346E+03    0.65043E-20    0.23832E+03    0.12425E+01    0.13432E+01    0.90621E+02
    0.89780E+00    0.28999E+02    0.23347E+03    0.65103E-20    0.23833E+03    0.12425E+01    0.13431E+01    0.90621E+02
    0.89980E+00    0.29000E+02    0.23349E+03    0.65162E-20    0.23834E+03    0.12425E+01    0.13431E+01    0.90621E+02
    0.90180E+00    0.29001E+02    0.23350E+03    0.65222E-20    0.23836E+03    0.12424E+01    0.13431E+01    0.90621E+02
    0.90381E+00    0.29002E+02    0.23351E+03    0.65281E-20    0.23837E+03    0.12424E+01    0.13431E+01    0.90621E+02
    0.90581E+00    0.29003E+02    0.23352E+03    0.65340E-20    0.23838E+03    0.12424E+01    0.13430E+01    0.90621E+02
    0.90782E+00    0.29004E+02    0.23354E+03    0.65399E-20    0.23840E+03    0.12424E+01    0.13430E+01    0.90621E+02
    0.90982E+00    0.29005E+02    0.23355E+03    0.65458E-20    0.23841E+03    0.12424E+01    0.13430E+01    0.90621E+02
    0.91182E+00    0.29006E+02    0.23356E+03    0.65516E-20    0.23842E+03    0.12423E+01    0.13430E+01    0.90620E+02
    0.91383E+00    0.29008E+02    0.23358E+03    0.65575E-20    0.23844E+03    0.12423E+01    0.13430E+01    0.90620E+02
    0.91583E+00    0.29009E+02    0.23359E+03    0.65633E-20    0.23845E+03    0.12423E+01    0.13429E+01    0.90620E+02
    0.91784E+00    0.29010E+02    0.23360E+03    0.65691E-20    0.23846E+03    0.12423E+01    0.13429E+01    0.90620E+02
    0.91984E+00    0.29011E+02    0.23361E+03    0.65749E-20    0.23847E+03    0.12423E+01    0.13429E+01    0.90620E+02
    0.92184E+00    0.29012E+02    0.23363E+03    0.65807E-20    0.23849E+03    0.12422E+01    0.13429E+01    0.90620E+02
    0.92385E+00    0.29013E+02    0.23364E+03    0.65864E-20    0.23850E+03    0.12422E+01    0.13428E+01    0.90620E+02
    0.92585E+00    0.29014E+02    0.23365E+03    0.65922E-20    0.23851E+03    0.12422E+01    0.13428E+01    0.90620E+02
    0.92786E+00    0.29015E+02    0.23366E+03    0.65979E-20    0.23853E+03    0.12422E+01    0.13428E+01    0.90619E+02
    0.92986E+00    0.29016E+02    0.23368E+03    0.66036E-20    0.23854E+03    0.12421E+01    0.13428E+01    0.90619E+02
    0.93186E+00    0.29017E+02    0.23369E+03    0.66093E-20    0.23855E+03    0.12421E+01    0.13428E+01    0.90619E+02
    0.93387E+00    0.29018E+02    0.23370E+03    0.66150E-20    0.23856E+03    0.12421E+01    0.13427E+01    0.90619E+02
    0.93587E+00    0.29019E+02    0.23371E+03    0.66207E-20    0.23858E+03    0.12421E+01    0.13427E+01    0.90619E+02
    0.93788E+00    0.29020E+02    0.23372E+03    0.66263E-20    0.23859E+03    0.12421E+01    0.13427E+01    0.90619E+02
    0.93988E+00    0.29021E+02    0.23374E+03    0.66320E-20    0.23860E+03    0.12420E+01    0.13427E+01    0.90619E+02
    0.94188E+00    0.29022E+02    0.23375E+03    0.66376E-20    0.23861E+03    0.12420E+01    0.13427E+01    0.90619E+02
    0.94389E+00    0.29023E+02    0.23376E+03    0.66432E-20    0.23863E+03    0.12420E+01    0.13426E+01    0.90619E+02
    0.94589E+00    0.29024E+02    0.23377E+03    0.66488E-20    0.23864E+03    0.12420E+01    0.13426E+01    0.90618E+02
    0.94790E+00    0.29025E+02    0.23378E+03    0.66544E-20    0.23865E+03    0.12420E+01    0.13426E+01    0.90618E+02
    0.94990E+00    0.29026E+02    0.23380E+03    0.66599E-20    0.23866E+03    0.12419E+01    0.13426E+01    0.90618E+02
    0.95190E+00    0.29027E+02    0.23381E+03    0.66655E-20    0.23867E+03    0.12419E+01    0.13426E+01    0.90618E+02
    0.95391E+00    0.29028E+02    0.23382E+03    0.66710E-20    0.23869E+03    0.12419E+01    0.13425E+01    0.90618E+02
    0.95591E+00    0.29029E+02    0.23383E+03    0.66765E-20    0.23870E+03    0.12419E+01    0.13425E+01    0.90618E+02
    0.95792E+00    0.29030E+02    0.23384E+03    0.66820E-20    0.23871E+03    0.12419E+01    0.13425E+01    0.90618E+02
    0.95992E+00    0.29031E+02    0.23385E+03    0.66875E-20    0.23872E+03    0.12418E+01    0.13425E+01    0.90618E+02
    0.96192E+00    0.29032E+02    0.23387E+03    0.66930E-20    0.23873E+03    0.12418E+01    0.13425E+01    0.90618E+02
    0.96393E+00    0.29033E+02    0.23388E+03    0.66984E-20    0.23875E+03    0.12418E+01    0.13424E+01    0.90617E+02
    0.96593E+00    0.29034E+02    0.23389E+03    0.67039E-20    0.23876E+03    0.12418E+01    0.13424E+01    0.90617E+02
    0.96794E+00    0.29035E+02    0.23390E+03    0.67093E-20    0.23877E+03    0.12418E+01    0.13424E+01    0.90617E+02
    0.96994E+00    0.29036E+02    0.23391E+03    0.67147E-20    0.23878E+03    0.12417E+01    0.13424E+01    0.90617E+02
    0.97194E+00    0.29037E+02    0.23392E+03    0.67201E-20    0.23879E+03    0.12417E+01    0.13424E+01    0.90617E+02
    0.97395E+00    0.29038E+02    0.23393E+03    0.67255E-20    0.23880E+03    0.12417E+01    0.13423E+01    0.90617E+02
    0.97595E+00    0.29039E+02    0.23395E+03    0.67309E-20    0.23882E+03    0.12417E+01    0.13423E+01    0.90617E+02
    0.97796E+00    0.29040E+02    0.23396E+03    0.67362E-20    0.23883E+03    0.12417E+01    0.13423E+01    0.90617E+02
    0.97996E+00    0.29041E+02    0.23397E+03    0.67415E-20    0.23884E+03    0.12417E+01    0.13423E+01    0.90617E+02
    0.98196E+00    0.29042E+02    0.23398E+03    0.67469E-20    0.23885E+03    0.12416E+01    0.13423E+01    0.90617E+02
    0.98397E+00    0.29043E+02    0.23399E+03    0.67522E-20    0.23886E+03    0.12416E+01    0.13422E+01    0.90616E+02
    0.98597E+00    0.29044E+02    0.23400E+03    0.67575E-20    0.23887E+03    0.12416E+01    0.13422E+01    0.90616E+02
    0.98798E+00    0.29045E+02    0.23401E+03    0.67628E-20    0.23888E+03    0.12416E+01    0.13422E+01    0.90616E+02
    0.98998E+00    0.29046E+02    0.23402E+03    0.67680E-20    0.23890E+03    0.12416E+01    0.13422E+01    0.90616E+02
    0.99198E+00    0.29046E+02    0.23403E+03    0.67733E-20    0.23891E+03    0.12415E+01    0.13422E+01    0.90616E+02
    0.99399E+00    0.29047E+02    0.23405E+03    0.67785E-20    0.23892E+03    0.12415E+01    0.13421E+01    0.90616E+02
    0.99599E+00    0.29048E+02    0.23406E+03    0.67837E-20    0.23893E+03    0.12415E+01    0.13421E+01    0.90616E+02
    0.99800E+00    0.29049E+02    0.23407E+03    0.67889E-20    0.23894E+03    0.12415E+01    0.13421E+01    0.90616E+02
    0.10000E+01    0.29050E+02    0.23408E+03    0.67941E-20    0.23895E+03    0.12415E+01    0.13421E+01    0.90616E+02
 #Jsc:   238.951989555833      W/Vm^{2}
 #Vmax:   1.24146995693445      V
 #Voc:   1.34209308773279      V
 #fr:   1.00000000000000     
 #SLME-max   29.0501544516857      %
 #Thickness:   1.00000000000000      micro m
 #FF   90.6155729107385      %
