 # thickness,pce,jmax,j0,jsc,vmax,voc,ff
    0.00000E+00    0.00000E+00    0.00000E+00    0.00000E+00    0.00000E+00    0.10473E+01    0.10473E+01            NaN
    0.20040E-02    0.22265E+01    0.20543E+02    0.29934E-18    0.21033E+02    0.10842E+01    0.11814E+01    0.89635E+02
    0.40080E-02    0.40568E+01    0.37509E+02    0.59846E-18    0.38406E+02    0.10819E+01    0.11791E+01    0.89619E+02
    0.60120E-02    0.56266E+01    0.52117E+02    0.89735E-18    0.53364E+02    0.10800E+01    0.11771E+01    0.89606E+02
    0.80160E-02    0.70113E+01    0.65042E+02    0.11960E-17    0.66601E+02    0.10783E+01    0.11754E+01    0.89594E+02
    0.10020E-01    0.82549E+01    0.76683E+02    0.14945E-17    0.78524E+02    0.10769E+01    0.11739E+01    0.89584E+02
    0.12024E-01    0.93853E+01    0.87291E+02    0.17927E-17    0.89389E+02    0.10755E+01    0.11725E+01    0.89575E+02
    0.14028E-01    0.10421E+02    0.97031E+02    0.20907E-17    0.99366E+02    0.10743E+01    0.11713E+01    0.89566E+02
    0.16032E-01    0.11375E+02    0.10602E+03    0.23885E-17    0.10858E+03    0.10732E+01    0.11701E+01    0.89558E+02
    0.18036E-01    0.12257E+02    0.11436E+03    0.26861E-17    0.11711E+03    0.10722E+01    0.11691E+01    0.89551E+02
    0.20040E-01    0.13075E+02    0.12210E+03    0.29835E-17    0.12505E+03    0.10712E+01    0.11680E+01    0.89544E+02
    0.22044E-01    0.13835E+02    0.12932E+03    0.32806E-17    0.13244E+03    0.10702E+01    0.11671E+01    0.89537E+02
    0.24048E-01    0.14543E+02    0.13605E+03    0.35775E-17    0.13934E+03    0.10693E+01    0.11662E+01    0.89531E+02
    0.26052E-01    0.15204E+02    0.14235E+03    0.38742E-17    0.14580E+03    0.10684E+01    0.11653E+01    0.89524E+02
    0.28056E-01    0.15821E+02    0.14825E+03    0.41707E-17    0.15184E+03    0.10676E+01    0.11644E+01    0.89518E+02
    0.30060E-01    0.16399E+02    0.15377E+03    0.44670E-17    0.15750E+03    0.10668E+01    0.11636E+01    0.89513E+02
    0.32064E-01    0.16939E+02    0.15896E+03    0.47631E-17    0.16281E+03    0.10660E+01    0.11628E+01    0.89507E+02
    0.34068E-01    0.17446E+02    0.16383E+03    0.50589E-17    0.16781E+03    0.10652E+01    0.11620E+01    0.89502E+02
    0.36072E-01    0.17921E+02    0.16841E+03    0.53545E-17    0.17250E+03    0.10645E+01    0.11612E+01    0.89496E+02
    0.38076E-01    0.18368E+02    0.17272E+03    0.56500E-17    0.17692E+03    0.10638E+01    0.11605E+01    0.89491E+02
    0.40080E-01    0.18787E+02    0.17678E+03    0.59452E-17    0.18108E+03    0.10631E+01    0.11598E+01    0.89486E+02
    0.42084E-01    0.19182E+02    0.18061E+03    0.62402E-17    0.18501E+03    0.10624E+01    0.11591E+01    0.89481E+02
    0.44088E-01    0.19554E+02    0.18423E+03    0.65350E-17    0.18871E+03    0.10617E+01    0.11584E+01    0.89476E+02
    0.46092E-01    0.19904E+02    0.18764E+03    0.68296E-17    0.19221E+03    0.10611E+01    0.11578E+01    0.89472E+02
    0.48096E-01    0.20234E+02    0.19087E+03    0.71239E-17    0.19552E+03    0.10605E+01    0.11571E+01    0.89467E+02
    0.50100E-01    0.20546E+02    0.19392E+03    0.74181E-17    0.19865E+03    0.10598E+01    0.11565E+01    0.89463E+02
    0.52104E-01    0.20840E+02    0.19681E+03    0.77120E-17    0.20161E+03    0.10592E+01    0.11558E+01    0.89458E+02
    0.54108E-01    0.21118E+02    0.19955E+03    0.80058E-17    0.20442E+03    0.10586E+01    0.11552E+01    0.89454E+02
    0.56112E-01    0.21381E+02    0.20214E+03    0.82993E-17    0.20708E+03    0.10581E+01    0.11546E+01    0.89450E+02
    0.58116E-01    0.21629E+02    0.20461E+03    0.85926E-17    0.20961E+03    0.10575E+01    0.11541E+01    0.89446E+02
    0.60120E-01    0.21865E+02    0.20694E+03    0.88858E-17    0.21201E+03    0.10569E+01    0.11535E+01    0.89442E+02
    0.62124E-01    0.22088E+02    0.20917E+03    0.91787E-17    0.21428E+03    0.10564E+01    0.11529E+01    0.89438E+02
    0.64128E-01    0.22300E+02    0.21128E+03    0.94714E-17    0.21645E+03    0.10558E+01    0.11524E+01    0.89434E+02
    0.66132E-01    0.22501E+02    0.21329E+03    0.97639E-17    0.21851E+03    0.10553E+01    0.11518E+01    0.89430E+02
    0.68136E-01    0.22692E+02    0.21520E+03    0.10056E-16    0.22048E+03    0.10548E+01    0.11513E+01    0.89426E+02
    0.70140E-01    0.22873E+02    0.21703E+03    0.10348E-16    0.22235E+03    0.10543E+01    0.11508E+01    0.89422E+02
    0.72144E-01    0.23046E+02    0.21877E+03    0.10640E-16    0.22414E+03    0.10538E+01    0.11503E+01    0.89419E+02
    0.74148E-01    0.23210E+02    0.22043E+03    0.10932E-16    0.22584E+03    0.10533E+01    0.11498E+01    0.89415E+02
    0.76152E-01    0.23366E+02    0.22202E+03    0.11223E-16    0.22747E+03    0.10528E+01    0.11493E+01    0.89412E+02
    0.78156E-01    0.23515E+02    0.22353E+03    0.11515E-16    0.22902E+03    0.10523E+01    0.11488E+01    0.89408E+02
    0.80160E-01    0.23657E+02    0.22498E+03    0.11806E-16    0.23051E+03    0.10519E+01    0.11483E+01    0.89405E+02
    0.82164E-01    0.23793E+02    0.22637E+03    0.12097E-16    0.23194E+03    0.10514E+01    0.11478E+01    0.89401E+02
    0.84168E-01    0.23922E+02    0.22770E+03    0.12387E-16    0.23330E+03    0.10510E+01    0.11474E+01    0.89398E+02
    0.86172E-01    0.24046E+02    0.22897E+03    0.12678E-16    0.23461E+03    0.10505E+01    0.11469E+01    0.89395E+02
    0.88176E-01    0.24164E+02    0.23020E+03    0.12968E-16    0.23586E+03    0.10501E+01    0.11465E+01    0.89392E+02
    0.90180E-01    0.24277E+02    0.23137E+03    0.13258E-16    0.23707E+03    0.10496E+01    0.11460E+01    0.89388E+02
    0.92184E-01    0.24385E+02    0.23249E+03    0.13548E-16    0.23822E+03    0.10492E+01    0.11456E+01    0.89385E+02
    0.94188E-01    0.24489E+02    0.23358E+03    0.13838E-16    0.23933E+03    0.10488E+01    0.11452E+01    0.89382E+02
    0.96192E-01    0.24589E+02    0.23462E+03    0.14127E-16    0.24040E+03    0.10484E+01    0.11447E+01    0.89379E+02
    0.98196E-01    0.24684E+02    0.23562E+03    0.14416E-16    0.24143E+03    0.10480E+01    0.11443E+01    0.89376E+02
    0.10020E+00    0.24776E+02    0.23658E+03    0.14705E-16    0.24242E+03    0.10476E+01    0.11439E+01    0.89373E+02
    0.10220E+00    0.24864E+02    0.23751E+03    0.14994E-16    0.24338E+03    0.10472E+01    0.11435E+01    0.89371E+02
    0.10421E+00    0.24949E+02    0.23841E+03    0.15283E-16    0.24430E+03    0.10468E+01    0.11431E+01    0.89368E+02
    0.10621E+00    0.25030E+02    0.23927E+03    0.15571E-16    0.24518E+03    0.10464E+01    0.11427E+01    0.89365E+02
    0.10822E+00    0.25108E+02    0.24011E+03    0.15860E-16    0.24604E+03    0.10461E+01    0.11424E+01    0.89362E+02
    0.11022E+00    0.25184E+02    0.24091E+03    0.16148E-16    0.24687E+03    0.10457E+01    0.11420E+01    0.89359E+02
    0.11222E+00    0.25256E+02    0.24169E+03    0.16436E-16    0.24767E+03    0.10453E+01    0.11416E+01    0.89357E+02
    0.11423E+00    0.25327E+02    0.24245E+03    0.16723E-16    0.24845E+03    0.10450E+01    0.11412E+01    0.89354E+02
    0.11623E+00    0.25394E+02    0.24318E+03    0.17011E-16    0.24920E+03    0.10446E+01    0.11409E+01    0.89351E+02
    0.11824E+00    0.25460E+02    0.24389E+03    0.17298E-16    0.24992E+03    0.10443E+01    0.11405E+01    0.89349E+02
    0.12024E+00    0.25523E+02    0.24457E+03    0.17585E-16    0.25063E+03    0.10439E+01    0.11402E+01    0.89346E+02
    0.12224E+00    0.25584E+02    0.24524E+03    0.17872E-16    0.25131E+03    0.10436E+01    0.11398E+01    0.89344E+02
    0.12425E+00    0.25643E+02    0.24588E+03    0.18159E-16    0.25197E+03    0.10432E+01    0.11395E+01    0.89341E+02
    0.12625E+00    0.25700E+02    0.24651E+03    0.18446E-16    0.25262E+03    0.10429E+01    0.11391E+01    0.89339E+02
    0.12826E+00    0.25755E+02    0.24712E+03    0.18732E-16    0.25324E+03    0.10426E+01    0.11388E+01    0.89336E+02
    0.13026E+00    0.25809E+02    0.24771E+03    0.19018E-16    0.25385E+03    0.10423E+01    0.11385E+01    0.89334E+02
    0.13226E+00    0.25861E+02    0.24828E+03    0.19304E-16    0.25444E+03    0.10419E+01    0.11381E+01    0.89332E+02
    0.13427E+00    0.25911E+02    0.24884E+03    0.19590E-16    0.25502E+03    0.10416E+01    0.11378E+01    0.89329E+02
    0.13627E+00    0.25960E+02    0.24938E+03    0.19875E-16    0.25558E+03    0.10413E+01    0.11375E+01    0.89327E+02
    0.13828E+00    0.26008E+02    0.24991E+03    0.20161E-16    0.25612E+03    0.10410E+01    0.11372E+01    0.89325E+02
    0.14028E+00    0.26054E+02    0.25043E+03    0.20446E-16    0.25665E+03    0.10407E+01    0.11369E+01    0.89323E+02
    0.14228E+00    0.26099E+02    0.25093E+03    0.20731E-16    0.25717E+03    0.10404E+01    0.11366E+01    0.89320E+02
    0.14429E+00    0.26142E+02    0.25143E+03    0.21016E-16    0.25768E+03    0.10401E+01    0.11363E+01    0.89318E+02
    0.14629E+00    0.26185E+02    0.25191E+03    0.21300E-16    0.25817E+03    0.10398E+01    0.11360E+01    0.89316E+02
    0.14830E+00    0.26226E+02    0.25237E+03    0.21585E-16    0.25865E+03    0.10395E+01    0.11357E+01    0.89314E+02
    0.15030E+00    0.26267E+02    0.25283E+03    0.21869E-16    0.25912E+03    0.10393E+01    0.11354E+01    0.89312E+02
    0.15230E+00    0.26306E+02    0.25328E+03    0.22153E-16    0.25958E+03    0.10390E+01    0.11351E+01    0.89310E+02
    0.15431E+00    0.26344E+02    0.25372E+03    0.22437E-16    0.26003E+03    0.10387E+01    0.11348E+01    0.89308E+02
    0.15631E+00    0.26382E+02    0.25414E+03    0.22721E-16    0.26047E+03    0.10384E+01    0.11345E+01    0.89305E+02
    0.15832E+00    0.26418E+02    0.25456E+03    0.23004E-16    0.26090E+03    0.10382E+01    0.11343E+01    0.89303E+02
    0.16032E+00    0.26454E+02    0.25497E+03    0.23288E-16    0.26132E+03    0.10379E+01    0.11340E+01    0.89301E+02
    0.16232E+00    0.26489E+02    0.25537E+03    0.23571E-16    0.26174E+03    0.10376E+01    0.11337E+01    0.89299E+02
    0.16433E+00    0.26523E+02    0.25577E+03    0.23854E-16    0.26214E+03    0.10374E+01    0.11334E+01    0.89298E+02
    0.16633E+00    0.26556E+02    0.25615E+03    0.24137E-16    0.26254E+03    0.10371E+01    0.11332E+01    0.89296E+02
    0.16834E+00    0.26589E+02    0.25653E+03    0.24419E-16    0.26293E+03    0.10368E+01    0.11329E+01    0.89294E+02
    0.17034E+00    0.26621E+02    0.25690E+03    0.24702E-16    0.26331E+03    0.10366E+01    0.11327E+01    0.89292E+02
    0.17234E+00    0.26652E+02    0.25726E+03    0.24984E-16    0.26368E+03    0.10363E+01    0.11324E+01    0.89290E+02
    0.17435E+00    0.26683E+02    0.25762E+03    0.25266E-16    0.26405E+03    0.10361E+01    0.11321E+01    0.89288E+02
    0.17635E+00    0.26713E+02    0.25797E+03    0.25548E-16    0.26441E+03    0.10358E+01    0.11319E+01    0.89286E+02
    0.17836E+00    0.26742E+02    0.25832E+03    0.25829E-16    0.26477E+03    0.10356E+01    0.11316E+01    0.89284E+02
    0.18036E+00    0.26771E+02    0.25866E+03    0.26111E-16    0.26511E+03    0.10354E+01    0.11314E+01    0.89283E+02
    0.18236E+00    0.26799E+02    0.25899E+03    0.26392E-16    0.26546E+03    0.10351E+01    0.11312E+01    0.89281E+02
    0.18437E+00    0.26827E+02    0.25932E+03    0.26673E-16    0.26579E+03    0.10349E+01    0.11309E+01    0.89279E+02
    0.18637E+00    0.26854E+02    0.25964E+03    0.26954E-16    0.26613E+03    0.10347E+01    0.11307E+01    0.89277E+02
    0.18838E+00    0.26881E+02    0.25996E+03    0.27235E-16    0.26645E+03    0.10344E+01    0.11304E+01    0.89276E+02
    0.19038E+00    0.26908E+02    0.26027E+03    0.27515E-16    0.26677E+03    0.10342E+01    0.11302E+01    0.89274E+02
    0.19238E+00    0.26933E+02    0.26057E+03    0.27796E-16    0.26709E+03    0.10340E+01    0.11300E+01    0.89272E+02
    0.19439E+00    0.26959E+02    0.26088E+03    0.28076E-16    0.26740E+03    0.10337E+01    0.11297E+01    0.89270E+02
    0.19639E+00    0.26984E+02    0.26117E+03    0.28356E-16    0.26771E+03    0.10335E+01    0.11295E+01    0.89269E+02
    0.19840E+00    0.27008E+02    0.26147E+03    0.28636E-16    0.26801E+03    0.10333E+01    0.11293E+01    0.89267E+02
    0.20040E+00    0.27033E+02    0.26176E+03    0.28916E-16    0.26831E+03    0.10331E+01    0.11291E+01    0.89265E+02
    0.20240E+00    0.27056E+02    0.26204E+03    0.29195E-16    0.26860E+03    0.10329E+01    0.11288E+01    0.89264E+02
    0.20441E+00    0.27080E+02    0.26232E+03    0.29474E-16    0.26889E+03    0.10327E+01    0.11286E+01    0.89262E+02
    0.20641E+00    0.27103E+02    0.26260E+03    0.29754E-16    0.26918E+03    0.10324E+01    0.11284E+01    0.89261E+02
    0.20842E+00    0.27126E+02    0.26288E+03    0.30033E-16    0.26946E+03    0.10322E+01    0.11282E+01    0.89259E+02
    0.21042E+00    0.27148E+02    0.26315E+03    0.30311E-16    0.26974E+03    0.10320E+01    0.11280E+01    0.89258E+02
    0.21242E+00    0.27170E+02    0.26341E+03    0.30590E-16    0.27001E+03    0.10318E+01    0.11278E+01    0.89256E+02
    0.21443E+00    0.27192E+02    0.26368E+03    0.30868E-16    0.27028E+03    0.10316E+01    0.11276E+01    0.89254E+02
    0.21643E+00    0.27214E+02    0.26394E+03    0.31147E-16    0.27055E+03    0.10314E+01    0.11274E+01    0.89253E+02
    0.21844E+00    0.27235E+02    0.26419E+03    0.31425E-16    0.27081E+03    0.10312E+01    0.11272E+01    0.89251E+02
    0.22044E+00    0.27256E+02    0.26445E+03    0.31703E-16    0.27108E+03    0.10310E+01    0.11270E+01    0.89250E+02
    0.22244E+00    0.27276E+02    0.26470E+03    0.31980E-16    0.27133E+03    0.10308E+01    0.11268E+01    0.89248E+02
    0.22445E+00    0.27297E+02    0.26494E+03    0.32258E-16    0.27159E+03    0.10306E+01    0.11266E+01    0.89247E+02
    0.22645E+00    0.27317E+02    0.26519E+03    0.32535E-16    0.27184E+03    0.10304E+01    0.11264E+01    0.89246E+02
    0.22846E+00    0.27337E+02    0.26543E+03    0.32813E-16    0.27209E+03    0.10303E+01    0.11262E+01    0.89244E+02
    0.23046E+00    0.27356E+02    0.26567E+03    0.33090E-16    0.27234E+03    0.10301E+01    0.11260E+01    0.89243E+02
    0.23246E+00    0.27376E+02    0.26591E+03    0.33366E-16    0.27258E+03    0.10299E+01    0.11258E+01    0.89241E+02
    0.23447E+00    0.27395E+02    0.26614E+03    0.33643E-16    0.27282E+03    0.10297E+01    0.11256E+01    0.89240E+02
    0.23647E+00    0.27414E+02    0.26637E+03    0.33920E-16    0.27306E+03    0.10295E+01    0.11254E+01    0.89238E+02
    0.23848E+00    0.27432E+02    0.26660E+03    0.34196E-16    0.27330E+03    0.10293E+01    0.11252E+01    0.89237E+02
    0.24048E+00    0.27451E+02    0.26683E+03    0.34472E-16    0.27353E+03    0.10291E+01    0.11250E+01    0.89236E+02
    0.24248E+00    0.27469E+02    0.26705E+03    0.34748E-16    0.27376E+03    0.10290E+01    0.11248E+01    0.89234E+02
    0.24449E+00    0.27487E+02    0.26727E+03    0.35024E-16    0.27399E+03    0.10288E+01    0.11247E+01    0.89233E+02
    0.24649E+00    0.27505E+02    0.26749E+03    0.35300E-16    0.27422E+03    0.10286E+01    0.11245E+01    0.89232E+02
    0.24850E+00    0.27523E+02    0.26771E+03    0.35575E-16    0.27444E+03    0.10284E+01    0.11243E+01    0.89230E+02
    0.25050E+00    0.27540E+02    0.26793E+03    0.35850E-16    0.27466E+03    0.10283E+01    0.11241E+01    0.89229E+02
    0.25251E+00    0.27558E+02    0.26814E+03    0.36125E-16    0.27488E+03    0.10281E+01    0.11239E+01    0.89228E+02
    0.25451E+00    0.27575E+02    0.26835E+03    0.36400E-16    0.27510E+03    0.10279E+01    0.11238E+01    0.89226E+02
    0.25651E+00    0.27592E+02    0.26856E+03    0.36675E-16    0.27532E+03    0.10277E+01    0.11236E+01    0.89225E+02
    0.25852E+00    0.27608E+02    0.26877E+03    0.36950E-16    0.27553E+03    0.10276E+01    0.11234E+01    0.89224E+02
    0.26052E+00    0.27625E+02    0.26897E+03    0.37224E-16    0.27574E+03    0.10274E+01    0.11232E+01    0.89223E+02
    0.26253E+00    0.27642E+02    0.26918E+03    0.37499E-16    0.27595E+03    0.10272E+01    0.11231E+01    0.89221E+02
    0.26453E+00    0.27658E+02    0.26938E+03    0.37773E-16    0.27616E+03    0.10271E+01    0.11229E+01    0.89220E+02
    0.26653E+00    0.27674E+02    0.26958E+03    0.38047E-16    0.27637E+03    0.10269E+01    0.11227E+01    0.89219E+02
    0.26854E+00    0.27690E+02    0.26978E+03    0.38320E-16    0.27657E+03    0.10267E+01    0.11226E+01    0.89218E+02
    0.27054E+00    0.27706E+02    0.26997E+03    0.38594E-16    0.27677E+03    0.10266E+01    0.11224E+01    0.89216E+02
    0.27255E+00    0.27722E+02    0.27017E+03    0.38867E-16    0.27697E+03    0.10264E+01    0.11222E+01    0.89215E+02
    0.27455E+00    0.27737E+02    0.27036E+03    0.39141E-16    0.27717E+03    0.10263E+01    0.11221E+01    0.89214E+02
    0.27655E+00    0.27753E+02    0.27056E+03    0.39414E-16    0.27737E+03    0.10261E+01    0.11219E+01    0.89213E+02
    0.27856E+00    0.27768E+02    0.27075E+03    0.39687E-16    0.27757E+03    0.10260E+01    0.11218E+01    0.89212E+02
    0.28056E+00    0.27783E+02    0.27093E+03    0.39959E-16    0.27776E+03    0.10258E+01    0.11216E+01    0.89210E+02
    0.28257E+00    0.27798E+02    0.27112E+03    0.40232E-16    0.27796E+03    0.10256E+01    0.11214E+01    0.89209E+02
    0.28457E+00    0.27813E+02    0.27131E+03    0.40505E-16    0.27815E+03    0.10255E+01    0.11213E+01    0.89208E+02
    0.28657E+00    0.27828E+02    0.27149E+03    0.40777E-16    0.27834E+03    0.10253E+01    0.11211E+01    0.89207E+02
    0.28858E+00    0.27842E+02    0.27167E+03    0.41049E-16    0.27853E+03    0.10252E+01    0.11210E+01    0.89206E+02
    0.29058E+00    0.27857E+02    0.27186E+03    0.41321E-16    0.27871E+03    0.10250E+01    0.11208E+01    0.89205E+02
    0.29259E+00    0.27871E+02    0.27204E+03    0.41593E-16    0.27890E+03    0.10249E+01    0.11207E+01    0.89203E+02
    0.29459E+00    0.27886E+02    0.27221E+03    0.41864E-16    0.27908E+03    0.10247E+01    0.11205E+01    0.89202E+02
    0.29659E+00    0.27900E+02    0.27239E+03    0.42136E-16    0.27927E+03    0.10246E+01    0.11204E+01    0.89201E+02
    0.29860E+00    0.27914E+02    0.27257E+03    0.42407E-16    0.27945E+03    0.10245E+01    0.11202E+01    0.89200E+02
    0.30060E+00    0.27928E+02    0.27274E+03    0.42678E-16    0.27963E+03    0.10243E+01    0.11201E+01    0.89199E+02
    0.30261E+00    0.27942E+02    0.27292E+03    0.42949E-16    0.27981E+03    0.10242E+01    0.11199E+01    0.89198E+02
    0.30461E+00    0.27955E+02    0.27309E+03    0.43220E-16    0.27998E+03    0.10240E+01    0.11198E+01    0.89197E+02
    0.30661E+00    0.27969E+02    0.27326E+03    0.43490E-16    0.28016E+03    0.10239E+01    0.11196E+01    0.89196E+02
    0.30862E+00    0.27983E+02    0.27343E+03    0.43761E-16    0.28034E+03    0.10237E+01    0.11195E+01    0.89195E+02
    0.31062E+00    0.27996E+02    0.27360E+03    0.44031E-16    0.28051E+03    0.10236E+01    0.11193E+01    0.89194E+02
    0.31263E+00    0.28009E+02    0.27377E+03    0.44301E-16    0.28068E+03    0.10235E+01    0.11192E+01    0.89192E+02
    0.31463E+00    0.28023E+02    0.27393E+03    0.44571E-16    0.28085E+03    0.10233E+01    0.11191E+01    0.89191E+02
    0.31663E+00    0.28036E+02    0.27410E+03    0.44841E-16    0.28102E+03    0.10232E+01    0.11189E+01    0.89190E+02
    0.31864E+00    0.28049E+02    0.27426E+03    0.45111E-16    0.28119E+03    0.10230E+01    0.11188E+01    0.89189E+02
    0.32064E+00    0.28062E+02    0.27443E+03    0.45380E-16    0.28136E+03    0.10229E+01    0.11186E+01    0.89188E+02
    0.32265E+00    0.28075E+02    0.27459E+03    0.45650E-16    0.28153E+03    0.10228E+01    0.11185E+01    0.89187E+02
    0.32465E+00    0.28088E+02    0.27475E+03    0.45919E-16    0.28169E+03    0.10226E+01    0.11184E+01    0.89186E+02
    0.32665E+00    0.28100E+02    0.27491E+03    0.46188E-16    0.28186E+03    0.10225E+01    0.11182E+01    0.89185E+02
    0.32866E+00    0.28113E+02    0.27507E+03    0.46457E-16    0.28202E+03    0.10224E+01    0.11181E+01    0.89184E+02
    0.33066E+00    0.28125E+02    0.27523E+03    0.46725E-16    0.28219E+03    0.10223E+01    0.11180E+01    0.89183E+02
    0.33267E+00    0.28138E+02    0.27538E+03    0.46994E-16    0.28235E+03    0.10221E+01    0.11178E+01    0.89182E+02
    0.33467E+00    0.28150E+02    0.27554E+03    0.47262E-16    0.28251E+03    0.10220E+01    0.11177E+01    0.89181E+02
    0.33667E+00    0.28163E+02    0.27569E+03    0.47530E-16    0.28267E+03    0.10219E+01    0.11176E+01    0.89180E+02
    0.33868E+00    0.28175E+02    0.27585E+03    0.47798E-16    0.28283E+03    0.10217E+01    0.11174E+01    0.89179E+02
    0.34068E+00    0.28187E+02    0.27600E+03    0.48066E-16    0.28298E+03    0.10216E+01    0.11173E+01    0.89178E+02
    0.34269E+00    0.28199E+02    0.27615E+03    0.48334E-16    0.28314E+03    0.10215E+01    0.11172E+01    0.89177E+02
    0.34469E+00    0.28211E+02    0.27630E+03    0.48602E-16    0.28330E+03    0.10214E+01    0.11170E+01    0.89176E+02
    0.34669E+00    0.28223E+02    0.27645E+03    0.48869E-16    0.28345E+03    0.10212E+01    0.11169E+01    0.89175E+02
    0.34870E+00    0.28235E+02    0.27660E+03    0.49136E-16    0.28361E+03    0.10211E+01    0.11168E+01    0.89174E+02
    0.35070E+00    0.28246E+02    0.27675E+03    0.49403E-16    0.28376E+03    0.10210E+01    0.11167E+01    0.89174E+02
    0.35271E+00    0.28258E+02    0.27690E+03    0.49670E-16    0.28391E+03    0.10209E+01    0.11165E+01    0.89173E+02
    0.35471E+00    0.28270E+02    0.27705E+03    0.49937E-16    0.28406E+03    0.10207E+01    0.11164E+01    0.89172E+02
    0.35671E+00    0.28281E+02    0.27719E+03    0.50204E-16    0.28421E+03    0.10206E+01    0.11163E+01    0.89171E+02
    0.35872E+00    0.28293E+02    0.27734E+03    0.50470E-16    0.28436E+03    0.10205E+01    0.11162E+01    0.89170E+02
    0.36072E+00    0.28304E+02    0.27748E+03    0.50736E-16    0.28451E+03    0.10204E+01    0.11160E+01    0.89169E+02
    0.36273E+00    0.28315E+02    0.27763E+03    0.51003E-16    0.28466E+03    0.10203E+01    0.11159E+01    0.89168E+02
    0.36473E+00    0.28327E+02    0.27777E+03    0.51269E-16    0.28481E+03    0.10201E+01    0.11158E+01    0.89167E+02
    0.36673E+00    0.28338E+02    0.27791E+03    0.51534E-16    0.28495E+03    0.10200E+01    0.11157E+01    0.89166E+02
    0.36874E+00    0.28349E+02    0.27805E+03    0.51800E-16    0.28510E+03    0.10199E+01    0.11156E+01    0.89165E+02
    0.37074E+00    0.28360E+02    0.27819E+03    0.52066E-16    0.28524E+03    0.10198E+01    0.11154E+01    0.89164E+02
    0.37275E+00    0.28371E+02    0.27833E+03    0.52331E-16    0.28539E+03    0.10197E+01    0.11153E+01    0.89164E+02
    0.37475E+00    0.28382E+02    0.27847E+03    0.52596E-16    0.28553E+03    0.10196E+01    0.11152E+01    0.89163E+02
    0.37675E+00    0.28393E+02    0.27861E+03    0.52861E-16    0.28567E+03    0.10194E+01    0.11151E+01    0.89162E+02
    0.37876E+00    0.28404E+02    0.27874E+03    0.53126E-16    0.28581E+03    0.10193E+01    0.11150E+01    0.89161E+02
    0.38076E+00    0.28414E+02    0.27888E+03    0.53391E-16    0.28595E+03    0.10192E+01    0.11149E+01    0.89160E+02
    0.38277E+00    0.28425E+02    0.27902E+03    0.53656E-16    0.28609E+03    0.10191E+01    0.11147E+01    0.89159E+02
    0.38477E+00    0.28436E+02    0.27915E+03    0.53920E-16    0.28623E+03    0.10190E+01    0.11146E+01    0.89158E+02
    0.38677E+00    0.28446E+02    0.27929E+03    0.54184E-16    0.28637E+03    0.10189E+01    0.11145E+01    0.89157E+02
    0.38878E+00    0.28457E+02    0.27942E+03    0.54448E-16    0.28651E+03    0.10188E+01    0.11144E+01    0.89157E+02
    0.39078E+00    0.28467E+02    0.27955E+03    0.54712E-16    0.28665E+03    0.10187E+01    0.11143E+01    0.89156E+02
    0.39279E+00    0.28478E+02    0.27968E+03    0.54976E-16    0.28678E+03    0.10186E+01    0.11142E+01    0.89155E+02
    0.39479E+00    0.28488E+02    0.27982E+03    0.55240E-16    0.28692E+03    0.10184E+01    0.11141E+01    0.89154E+02
    0.39679E+00    0.28498E+02    0.27995E+03    0.55503E-16    0.28705E+03    0.10183E+01    0.11140E+01    0.89153E+02
    0.39880E+00    0.28509E+02    0.28008E+03    0.55767E-16    0.28719E+03    0.10182E+01    0.11138E+01    0.89152E+02
    0.40080E+00    0.28519E+02    0.28021E+03    0.56030E-16    0.28732E+03    0.10181E+01    0.11137E+01    0.89152E+02
    0.40281E+00    0.28529E+02    0.28034E+03    0.56293E-16    0.28745E+03    0.10180E+01    0.11136E+01    0.89151E+02
    0.40481E+00    0.28539E+02    0.28046E+03    0.56556E-16    0.28759E+03    0.10179E+01    0.11135E+01    0.89150E+02
    0.40681E+00    0.28549E+02    0.28059E+03    0.56819E-16    0.28772E+03    0.10178E+01    0.11134E+01    0.89149E+02
    0.40882E+00    0.28559E+02    0.28072E+03    0.57082E-16    0.28785E+03    0.10177E+01    0.11133E+01    0.89148E+02
    0.41082E+00    0.28569E+02    0.28084E+03    0.57344E-16    0.28798E+03    0.10176E+01    0.11132E+01    0.89148E+02
    0.41283E+00    0.28579E+02    0.28097E+03    0.57606E-16    0.28811E+03    0.10175E+01    0.11131E+01    0.89147E+02
    0.41483E+00    0.28589E+02    0.28109E+03    0.57868E-16    0.28824E+03    0.10174E+01    0.11130E+01    0.89146E+02
    0.41683E+00    0.28598E+02    0.28122E+03    0.58131E-16    0.28837E+03    0.10173E+01    0.11129E+01    0.89145E+02
    0.41884E+00    0.28608E+02    0.28134E+03    0.58392E-16    0.28849E+03    0.10172E+01    0.11128E+01    0.89144E+02
    0.42084E+00    0.28618E+02    0.28147E+03    0.58654E-16    0.28862E+03    0.10171E+01    0.11127E+01    0.89144E+02
    0.42285E+00    0.28627E+02    0.28159E+03    0.58916E-16    0.28875E+03    0.10170E+01    0.11126E+01    0.89143E+02
    0.42485E+00    0.28637E+02    0.28171E+03    0.59177E-16    0.28887E+03    0.10169E+01    0.11125E+01    0.89142E+02
    0.42685E+00    0.28646E+02    0.28183E+03    0.59438E-16    0.28900E+03    0.10168E+01    0.11124E+01    0.89141E+02
    0.42886E+00    0.28656E+02    0.28195E+03    0.59700E-16    0.28912E+03    0.10167E+01    0.11123E+01    0.89140E+02
    0.43086E+00    0.28665E+02    0.28207E+03    0.59961E-16    0.28925E+03    0.10166E+01    0.11122E+01    0.89140E+02
    0.43287E+00    0.28675E+02    0.28219E+03    0.60221E-16    0.28937E+03    0.10165E+01    0.11121E+01    0.89139E+02
    0.43487E+00    0.28684E+02    0.28231E+03    0.60482E-16    0.28949E+03    0.10164E+01    0.11120E+01    0.89138E+02
    0.43687E+00    0.28693E+02    0.28243E+03    0.60743E-16    0.28962E+03    0.10163E+01    0.11119E+01    0.89137E+02
    0.43888E+00    0.28703E+02    0.28255E+03    0.61003E-16    0.28974E+03    0.10162E+01    0.11118E+01    0.89137E+02
    0.44088E+00    0.28712E+02    0.28267E+03    0.61263E-16    0.28986E+03    0.10161E+01    0.11117E+01    0.89136E+02
    0.44289E+00    0.28721E+02    0.28278E+03    0.61523E-16    0.28998E+03    0.10160E+01    0.11116E+01    0.89135E+02
    0.44489E+00    0.28730E+02    0.28290E+03    0.61783E-16    0.29010E+03    0.10159E+01    0.11115E+01    0.89134E+02
    0.44689E+00    0.28739E+02    0.28302E+03    0.62043E-16    0.29022E+03    0.10158E+01    0.11114E+01    0.89134E+02
    0.44890E+00    0.28748E+02    0.28313E+03    0.62303E-16    0.29034E+03    0.10157E+01    0.11113E+01    0.89133E+02
    0.45090E+00    0.28757E+02    0.28325E+03    0.62562E-16    0.29046E+03    0.10156E+01    0.11112E+01    0.89132E+02
    0.45291E+00    0.28766E+02    0.28336E+03    0.62822E-16    0.29057E+03    0.10155E+01    0.11111E+01    0.89131E+02
    0.45491E+00    0.28775E+02    0.28347E+03    0.63081E-16    0.29069E+03    0.10154E+01    0.11110E+01    0.89131E+02
    0.45691E+00    0.28784E+02    0.28359E+03    0.63340E-16    0.29081E+03    0.10153E+01    0.11109E+01    0.89130E+02
    0.45892E+00    0.28793E+02    0.28370E+03    0.63599E-16    0.29092E+03    0.10152E+01    0.11108E+01    0.89129E+02
    0.46092E+00    0.28801E+02    0.28381E+03    0.63858E-16    0.29104E+03    0.10152E+01    0.11107E+01    0.89129E+02
    0.46293E+00    0.28810E+02    0.28392E+03    0.64116E-16    0.29115E+03    0.10151E+01    0.11106E+01    0.89128E+02
    0.46493E+00    0.28819E+02    0.28403E+03    0.64375E-16    0.29127E+03    0.10150E+01    0.11105E+01    0.89127E+02
    0.46693E+00    0.28827E+02    0.28414E+03    0.64633E-16    0.29138E+03    0.10149E+01    0.11104E+01    0.89126E+02
    0.46894E+00    0.28836E+02    0.28426E+03    0.64891E-16    0.29150E+03    0.10148E+01    0.11103E+01    0.89126E+02
    0.47094E+00    0.28845E+02    0.28436E+03    0.65149E-16    0.29161E+03    0.10147E+01    0.11102E+01    0.89125E+02
    0.47295E+00    0.28853E+02    0.28447E+03    0.65407E-16    0.29172E+03    0.10146E+01    0.11101E+01    0.89124E+02
    0.47495E+00    0.28862E+02    0.28458E+03    0.65665E-16    0.29183E+03    0.10145E+01    0.11100E+01    0.89124E+02
    0.47695E+00    0.28870E+02    0.28469E+03    0.65923E-16    0.29195E+03    0.10144E+01    0.11099E+01    0.89123E+02
    0.47896E+00    0.28878E+02    0.28480E+03    0.66180E-16    0.29206E+03    0.10143E+01    0.11099E+01    0.89122E+02
    0.48096E+00    0.28887E+02    0.28491E+03    0.66438E-16    0.29217E+03    0.10142E+01    0.11098E+01    0.89122E+02
    0.48297E+00    0.28895E+02    0.28501E+03    0.66695E-16    0.29228E+03    0.10142E+01    0.11097E+01    0.89121E+02
    0.48497E+00    0.28903E+02    0.28512E+03    0.66952E-16    0.29239E+03    0.10141E+01    0.11096E+01    0.89120E+02
    0.48697E+00    0.28912E+02    0.28523E+03    0.67209E-16    0.29250E+03    0.10140E+01    0.11095E+01    0.89120E+02
    0.48898E+00    0.28920E+02    0.28533E+03    0.67466E-16    0.29261E+03    0.10139E+01    0.11094E+01    0.89119E+02
    0.49098E+00    0.28928E+02    0.28544E+03    0.67722E-16    0.29271E+03    0.10138E+01    0.11093E+01    0.89118E+02
    0.49299E+00    0.28936E+02    0.28554E+03    0.67979E-16    0.29282E+03    0.10137E+01    0.11092E+01    0.89118E+02
    0.49499E+00    0.28944E+02    0.28564E+03    0.68235E-16    0.29293E+03    0.10136E+01    0.11091E+01    0.89117E+02
    0.49699E+00    0.28952E+02    0.28575E+03    0.68491E-16    0.29304E+03    0.10136E+01    0.11091E+01    0.89116E+02
    0.49900E+00    0.28960E+02    0.28585E+03    0.68747E-16    0.29314E+03    0.10135E+01    0.11090E+01    0.89116E+02
    0.50100E+00    0.28968E+02    0.28595E+03    0.69003E-16    0.29325E+03    0.10134E+01    0.11089E+01    0.89115E+02
    0.50301E+00    0.28976E+02    0.28606E+03    0.69259E-16    0.29335E+03    0.10133E+01    0.11088E+01    0.89114E+02
    0.50501E+00    0.28984E+02    0.28616E+03    0.69515E-16    0.29346E+03    0.10132E+01    0.11087E+01    0.89114E+02
    0.50701E+00    0.28992E+02    0.28626E+03    0.69770E-16    0.29356E+03    0.10131E+01    0.11086E+01    0.89113E+02
    0.50902E+00    0.29000E+02    0.28636E+03    0.70026E-16    0.29367E+03    0.10131E+01    0.11085E+01    0.89112E+02
    0.51102E+00    0.29008E+02    0.28646E+03    0.70281E-16    0.29377E+03    0.10130E+01    0.11085E+01    0.89112E+02
    0.51303E+00    0.29016E+02    0.28656E+03    0.70536E-16    0.29388E+03    0.10129E+01    0.11084E+01    0.89111E+02
    0.51503E+00    0.29023E+02    0.28666E+03    0.70791E-16    0.29398E+03    0.10128E+01    0.11083E+01    0.89110E+02
    0.51703E+00    0.29031E+02    0.28676E+03    0.71046E-16    0.29408E+03    0.10127E+01    0.11082E+01    0.89110E+02
    0.51904E+00    0.29039E+02    0.28686E+03    0.71301E-16    0.29418E+03    0.10126E+01    0.11081E+01    0.89109E+02
    0.52104E+00    0.29046E+02    0.28696E+03    0.71555E-16    0.29428E+03    0.10126E+01    0.11080E+01    0.89108E+02
    0.52305E+00    0.29054E+02    0.28706E+03    0.71809E-16    0.29439E+03    0.10125E+01    0.11079E+01    0.89108E+02
    0.52505E+00    0.29062E+02    0.28715E+03    0.72064E-16    0.29449E+03    0.10124E+01    0.11079E+01    0.89107E+02
    0.52705E+00    0.29069E+02    0.28725E+03    0.72318E-16    0.29459E+03    0.10123E+01    0.11078E+01    0.89107E+02
    0.52906E+00    0.29077E+02    0.28735E+03    0.72572E-16    0.29469E+03    0.10122E+01    0.11077E+01    0.89106E+02
    0.53106E+00    0.29084E+02    0.28745E+03    0.72826E-16    0.29479E+03    0.10122E+01    0.11076E+01    0.89105E+02
    0.53307E+00    0.29092E+02    0.28754E+03    0.73079E-16    0.29489E+03    0.10121E+01    0.11075E+01    0.89105E+02
    0.53507E+00    0.29099E+02    0.28764E+03    0.73333E-16    0.29499E+03    0.10120E+01    0.11075E+01    0.89104E+02
    0.53707E+00    0.29106E+02    0.28773E+03    0.73586E-16    0.29508E+03    0.10119E+01    0.11074E+01    0.89104E+02
    0.53908E+00    0.29114E+02    0.28783E+03    0.73840E-16    0.29518E+03    0.10118E+01    0.11073E+01    0.89103E+02
    0.54108E+00    0.29121E+02    0.28792E+03    0.74093E-16    0.29528E+03    0.10118E+01    0.11072E+01    0.89102E+02
    0.54309E+00    0.29128E+02    0.28802E+03    0.74346E-16    0.29538E+03    0.10117E+01    0.11071E+01    0.89102E+02
    0.54509E+00    0.29136E+02    0.28811E+03    0.74599E-16    0.29547E+03    0.10116E+01    0.11071E+01    0.89101E+02
    0.54709E+00    0.29143E+02    0.28820E+03    0.74851E-16    0.29557E+03    0.10115E+01    0.11070E+01    0.89101E+02
    0.54910E+00    0.29150E+02    0.28830E+03    0.75104E-16    0.29567E+03    0.10115E+01    0.11069E+01    0.89100E+02
    0.55110E+00    0.29157E+02    0.28839E+03    0.75357E-16    0.29576E+03    0.10114E+01    0.11068E+01    0.89099E+02
    0.55311E+00    0.29164E+02    0.28848E+03    0.75609E-16    0.29586E+03    0.10113E+01    0.11067E+01    0.89099E+02
    0.55511E+00    0.29172E+02    0.28857E+03    0.75861E-16    0.29595E+03    0.10112E+01    0.11067E+01    0.89098E+02
    0.55711E+00    0.29179E+02    0.28867E+03    0.76113E-16    0.29605E+03    0.10112E+01    0.11066E+01    0.89098E+02
    0.55912E+00    0.29186E+02    0.28876E+03    0.76365E-16    0.29614E+03    0.10111E+01    0.11065E+01    0.89097E+02
    0.56112E+00    0.29193E+02    0.28885E+03    0.76617E-16    0.29623E+03    0.10110E+01    0.11064E+01    0.89096E+02
    0.56313E+00    0.29200E+02    0.28894E+03    0.76869E-16    0.29633E+03    0.10109E+01    0.11064E+01    0.89096E+02
    0.56513E+00    0.29207E+02    0.28903E+03    0.77120E-16    0.29642E+03    0.10109E+01    0.11063E+01    0.89095E+02
    0.56713E+00    0.29214E+02    0.28912E+03    0.77372E-16    0.29651E+03    0.10108E+01    0.11062E+01    0.89095E+02
    0.56914E+00    0.29221E+02    0.28921E+03    0.77623E-16    0.29661E+03    0.10107E+01    0.11061E+01    0.89094E+02
    0.57114E+00    0.29227E+02    0.28930E+03    0.77874E-16    0.29670E+03    0.10106E+01    0.11061E+01    0.89093E+02
    0.57315E+00    0.29234E+02    0.28939E+03    0.78125E-16    0.29679E+03    0.10106E+01    0.11060E+01    0.89093E+02
    0.57515E+00    0.29241E+02    0.28948E+03    0.78376E-16    0.29688E+03    0.10105E+01    0.11059E+01    0.89092E+02
    0.57715E+00    0.29248E+02    0.28956E+03    0.78627E-16    0.29697E+03    0.10104E+01    0.11058E+01    0.89092E+02
    0.57916E+00    0.29255E+02    0.28965E+03    0.78877E-16    0.29706E+03    0.10103E+01    0.11058E+01    0.89091E+02
    0.58116E+00    0.29261E+02    0.28974E+03    0.79128E-16    0.29715E+03    0.10103E+01    0.11057E+01    0.89091E+02
    0.58317E+00    0.29268E+02    0.28983E+03    0.79378E-16    0.29724E+03    0.10102E+01    0.11056E+01    0.89090E+02
    0.58517E+00    0.29275E+02    0.28991E+03    0.79628E-16    0.29733E+03    0.10101E+01    0.11055E+01    0.89090E+02
    0.58717E+00    0.29281E+02    0.29000E+03    0.79878E-16    0.29742E+03    0.10101E+01    0.11055E+01    0.89089E+02
    0.58918E+00    0.29288E+02    0.29009E+03    0.80128E-16    0.29751E+03    0.10100E+01    0.11054E+01    0.89088E+02
    0.59118E+00    0.29295E+02    0.29017E+03    0.80378E-16    0.29760E+03    0.10099E+01    0.11053E+01    0.89088E+02
    0.59319E+00    0.29301E+02    0.29026E+03    0.80628E-16    0.29769E+03    0.10098E+01    0.11052E+01    0.89087E+02
    0.59519E+00    0.29308E+02    0.29034E+03    0.80877E-16    0.29778E+03    0.10098E+01    0.11052E+01    0.89087E+02
    0.59719E+00    0.29314E+02    0.29043E+03    0.81127E-16    0.29786E+03    0.10097E+01    0.11051E+01    0.89086E+02
    0.59920E+00    0.29321E+02    0.29051E+03    0.81376E-16    0.29795E+03    0.10096E+01    0.11050E+01    0.89086E+02
    0.60120E+00    0.29327E+02    0.29060E+03    0.81625E-16    0.29804E+03    0.10096E+01    0.11050E+01    0.89085E+02
    0.60321E+00    0.29334E+02    0.29068E+03    0.81874E-16    0.29812E+03    0.10095E+01    0.11049E+01    0.89085E+02
    0.60521E+00    0.29340E+02    0.29076E+03    0.82123E-16    0.29821E+03    0.10094E+01    0.11048E+01    0.89084E+02
    0.60721E+00    0.29347E+02    0.29085E+03    0.82372E-16    0.29830E+03    0.10094E+01    0.11047E+01    0.89083E+02
    0.60922E+00    0.29353E+02    0.29093E+03    0.82620E-16    0.29838E+03    0.10093E+01    0.11047E+01    0.89083E+02
    0.61122E+00    0.29359E+02    0.29101E+03    0.82869E-16    0.29847E+03    0.10092E+01    0.11046E+01    0.89082E+02
    0.61323E+00    0.29366E+02    0.29109E+03    0.83117E-16    0.29855E+03    0.10091E+01    0.11045E+01    0.89082E+02
    0.61523E+00    0.29372E+02    0.29118E+03    0.83365E-16    0.29864E+03    0.10091E+01    0.11045E+01    0.89081E+02
    0.61723E+00    0.29378E+02    0.29126E+03    0.83613E-16    0.29872E+03    0.10090E+01    0.11044E+01    0.89081E+02
    0.61924E+00    0.29384E+02    0.29134E+03    0.83861E-16    0.29880E+03    0.10089E+01    0.11043E+01    0.89080E+02
    0.62124E+00    0.29391E+02    0.29142E+03    0.84109E-16    0.29889E+03    0.10089E+01    0.11043E+01    0.89080E+02
    0.62325E+00    0.29397E+02    0.29150E+03    0.84357E-16    0.29897E+03    0.10088E+01    0.11042E+01    0.89079E+02
    0.62525E+00    0.29403E+02    0.29158E+03    0.84604E-16    0.29906E+03    0.10087E+01    0.11041E+01    0.89079E+02
    0.62725E+00    0.29409E+02    0.29166E+03    0.84852E-16    0.29914E+03    0.10087E+01    0.11040E+01    0.89078E+02
    0.62926E+00    0.29415E+02    0.29174E+03    0.85099E-16    0.29922E+03    0.10086E+01    0.11040E+01    0.89078E+02
    0.63126E+00    0.29421E+02    0.29182E+03    0.85346E-16    0.29930E+03    0.10085E+01    0.11039E+01    0.89077E+02
    0.63327E+00    0.29428E+02    0.29190E+03    0.85593E-16    0.29938E+03    0.10085E+01    0.11038E+01    0.89077E+02
    0.63527E+00    0.29434E+02    0.29198E+03    0.85840E-16    0.29947E+03    0.10084E+01    0.11038E+01    0.89076E+02
    0.63727E+00    0.29440E+02    0.29206E+03    0.86087E-16    0.29955E+03    0.10083E+01    0.11037E+01    0.89076E+02
    0.63928E+00    0.29446E+02    0.29214E+03    0.86334E-16    0.29963E+03    0.10083E+01    0.11036E+01    0.89075E+02
    0.64128E+00    0.29452E+02    0.29222E+03    0.86580E-16    0.29971E+03    0.10082E+01    0.11036E+01    0.89075E+02
    0.64329E+00    0.29458E+02    0.29229E+03    0.86827E-16    0.29979E+03    0.10081E+01    0.11035E+01    0.89074E+02
    0.64529E+00    0.29464E+02    0.29237E+03    0.87073E-16    0.29987E+03    0.10081E+01    0.11034E+01    0.89074E+02
    0.64729E+00    0.29469E+02    0.29245E+03    0.87319E-16    0.29995E+03    0.10080E+01    0.11034E+01    0.89073E+02
    0.64930E+00    0.29475E+02    0.29253E+03    0.87565E-16    0.30003E+03    0.10080E+01    0.11033E+01    0.89073E+02
    0.65130E+00    0.29481E+02    0.29260E+03    0.87811E-16    0.30011E+03    0.10079E+01    0.11032E+01    0.89072E+02
    0.65331E+00    0.29487E+02    0.29268E+03    0.88057E-16    0.30019E+03    0.10078E+01    0.11032E+01    0.89072E+02
    0.65531E+00    0.29493E+02    0.29276E+03    0.88303E-16    0.30027E+03    0.10078E+01    0.11031E+01    0.89071E+02
    0.65731E+00    0.29499E+02    0.29283E+03    0.88548E-16    0.30035E+03    0.10077E+01    0.11031E+01    0.89071E+02
    0.65932E+00    0.29504E+02    0.29291E+03    0.88794E-16    0.30042E+03    0.10076E+01    0.11030E+01    0.89070E+02
    0.66132E+00    0.29510E+02    0.29298E+03    0.89039E-16    0.30050E+03    0.10076E+01    0.11029E+01    0.89070E+02
    0.66333E+00    0.29516E+02    0.29306E+03    0.89284E-16    0.30058E+03    0.10075E+01    0.11029E+01    0.89069E+02
    0.66533E+00    0.29522E+02    0.29313E+03    0.89529E-16    0.30066E+03    0.10074E+01    0.11028E+01    0.89069E+02
    0.66733E+00    0.29527E+02    0.29321E+03    0.89774E-16    0.30073E+03    0.10074E+01    0.11027E+01    0.89068E+02
    0.66934E+00    0.29533E+02    0.29328E+03    0.90019E-16    0.30081E+03    0.10073E+01    0.11027E+01    0.89068E+02
    0.67134E+00    0.29539E+02    0.29336E+03    0.90263E-16    0.30089E+03    0.10073E+01    0.11026E+01    0.89067E+02
    0.67335E+00    0.29544E+02    0.29343E+03    0.90508E-16    0.30096E+03    0.10072E+01    0.11025E+01    0.89067E+02
    0.67535E+00    0.29550E+02    0.29350E+03    0.90752E-16    0.30104E+03    0.10071E+01    0.11025E+01    0.89066E+02
    0.67735E+00    0.29556E+02    0.29358E+03    0.90997E-16    0.30111E+03    0.10071E+01    0.11024E+01    0.89066E+02
    0.67936E+00    0.29561E+02    0.29365E+03    0.91241E-16    0.30119E+03    0.10070E+01    0.11023E+01    0.89065E+02
    0.68136E+00    0.29567E+02    0.29372E+03    0.91485E-16    0.30127E+03    0.10070E+01    0.11023E+01    0.89065E+02
    0.68337E+00    0.29572E+02    0.29380E+03    0.91729E-16    0.30134E+03    0.10069E+01    0.11022E+01    0.89064E+02
    0.68537E+00    0.29578E+02    0.29387E+03    0.91972E-16    0.30141E+03    0.10068E+01    0.11022E+01    0.89064E+02
    0.68737E+00    0.29583E+02    0.29394E+03    0.92216E-16    0.30149E+03    0.10068E+01    0.11021E+01    0.89063E+02
    0.68938E+00    0.29589E+02    0.29401E+03    0.92460E-16    0.30156E+03    0.10067E+01    0.11020E+01    0.89063E+02
    0.69138E+00    0.29594E+02    0.29409E+03    0.92703E-16    0.30164E+03    0.10067E+01    0.11020E+01    0.89062E+02
    0.69339E+00    0.29599E+02    0.29416E+03    0.92946E-16    0.30171E+03    0.10066E+01    0.11019E+01    0.89062E+02
    0.69539E+00    0.29605E+02    0.29423E+03    0.93189E-16    0.30178E+03    0.10065E+01    0.11019E+01    0.89061E+02
    0.69739E+00    0.29610E+02    0.29430E+03    0.93432E-16    0.30186E+03    0.10065E+01    0.11018E+01    0.89061E+02
    0.69940E+00    0.29616E+02    0.29437E+03    0.93675E-16    0.30193E+03    0.10064E+01    0.11017E+01    0.89060E+02
    0.70140E+00    0.29621E+02    0.29444E+03    0.93918E-16    0.30200E+03    0.10064E+01    0.11017E+01    0.89060E+02
    0.70341E+00    0.29626E+02    0.29451E+03    0.94161E-16    0.30208E+03    0.10063E+01    0.11016E+01    0.89060E+02
    0.70541E+00    0.29632E+02    0.29458E+03    0.94403E-16    0.30215E+03    0.10062E+01    0.11016E+01    0.89059E+02
    0.70741E+00    0.29637E+02    0.29465E+03    0.94646E-16    0.30222E+03    0.10062E+01    0.11015E+01    0.89059E+02
    0.70942E+00    0.29642E+02    0.29472E+03    0.94888E-16    0.30229E+03    0.10061E+01    0.11014E+01    0.89058E+02
    0.71142E+00    0.29647E+02    0.29479E+03    0.95130E-16    0.30236E+03    0.10061E+01    0.11014E+01    0.89058E+02
    0.71343E+00    0.29653E+02    0.29486E+03    0.95372E-16    0.30243E+03    0.10060E+01    0.11013E+01    0.89057E+02
    0.71543E+00    0.29658E+02    0.29493E+03    0.95614E-16    0.30251E+03    0.10059E+01    0.11013E+01    0.89057E+02
    0.71743E+00    0.29663E+02    0.29499E+03    0.95856E-16    0.30258E+03    0.10059E+01    0.11012E+01    0.89056E+02
    0.71944E+00    0.29668E+02    0.29506E+03    0.96098E-16    0.30265E+03    0.10058E+01    0.11011E+01    0.89056E+02
    0.72144E+00    0.29673E+02    0.29513E+03    0.96339E-16    0.30272E+03    0.10058E+01    0.11011E+01    0.89055E+02
    0.72345E+00    0.29678E+02    0.29520E+03    0.96581E-16    0.30279E+03    0.10057E+01    0.11010E+01    0.89055E+02
    0.72545E+00    0.29684E+02    0.29527E+03    0.96822E-16    0.30286E+03    0.10057E+01    0.11010E+01    0.89055E+02
    0.72745E+00    0.29689E+02    0.29533E+03    0.97063E-16    0.30293E+03    0.10056E+01    0.11009E+01    0.89054E+02
    0.72946E+00    0.29694E+02    0.29540E+03    0.97304E-16    0.30300E+03    0.10055E+01    0.11008E+01    0.89054E+02
    0.73146E+00    0.29699E+02    0.29547E+03    0.97545E-16    0.30306E+03    0.10055E+01    0.11008E+01    0.89053E+02
    0.73347E+00    0.29704E+02    0.29553E+03    0.97786E-16    0.30313E+03    0.10054E+01    0.11007E+01    0.89053E+02
    0.73547E+00    0.29709E+02    0.29560E+03    0.98027E-16    0.30320E+03    0.10054E+01    0.11007E+01    0.89052E+02
    0.73747E+00    0.29714E+02    0.29567E+03    0.98267E-16    0.30327E+03    0.10053E+01    0.11006E+01    0.89052E+02
    0.73948E+00    0.29719E+02    0.29573E+03    0.98508E-16    0.30334E+03    0.10053E+01    0.11006E+01    0.89051E+02
    0.74148E+00    0.29724E+02    0.29580E+03    0.98748E-16    0.30341E+03    0.10052E+01    0.11005E+01    0.89051E+02
    0.74349E+00    0.29729E+02    0.29586E+03    0.98988E-16    0.30347E+03    0.10051E+01    0.11004E+01    0.89051E+02
    0.74549E+00    0.29734E+02    0.29593E+03    0.99228E-16    0.30354E+03    0.10051E+01    0.11004E+01    0.89050E+02
    0.74749E+00    0.29739E+02    0.29599E+03    0.99468E-16    0.30361E+03    0.10050E+01    0.11003E+01    0.89050E+02
    0.74950E+00    0.29743E+02    0.29606E+03    0.99708E-16    0.30368E+03    0.10050E+01    0.11003E+01    0.89049E+02
    0.75150E+00    0.29748E+02    0.29612E+03    0.99948E-16    0.30374E+03    0.10049E+01    0.11002E+01    0.89049E+02
    0.75351E+00    0.29753E+02    0.29619E+03    0.10019E-15    0.30381E+03    0.10049E+01    0.11002E+01    0.89048E+02
    0.75551E+00    0.29758E+02    0.29625E+03    0.10043E-15    0.30388E+03    0.10048E+01    0.11001E+01    0.89048E+02
    0.75752E+00    0.29763E+02    0.29632E+03    0.10067E-15    0.30394E+03    0.10048E+01    0.11000E+01    0.89048E+02
    0.75952E+00    0.29768E+02    0.29638E+03    0.10091E-15    0.30401E+03    0.10047E+01    0.11000E+01    0.89047E+02
    0.76152E+00    0.29772E+02    0.29645E+03    0.10115E-15    0.30407E+03    0.10047E+01    0.10999E+01    0.89047E+02
    0.76353E+00    0.29777E+02    0.29651E+03    0.10138E-15    0.30414E+03    0.10046E+01    0.10999E+01    0.89046E+02
    0.76553E+00    0.29782E+02    0.29657E+03    0.10162E-15    0.30420E+03    0.10045E+01    0.10998E+01    0.89046E+02
    0.76754E+00    0.29787E+02    0.29664E+03    0.10186E-15    0.30427E+03    0.10045E+01    0.10998E+01    0.89045E+02
    0.76954E+00    0.29791E+02    0.29670E+03    0.10210E-15    0.30433E+03    0.10044E+01    0.10997E+01    0.89045E+02
    0.77154E+00    0.29796E+02    0.29676E+03    0.10234E-15    0.30440E+03    0.10044E+01    0.10997E+01    0.89045E+02
    0.77355E+00    0.29801E+02    0.29682E+03    0.10258E-15    0.30446E+03    0.10043E+01    0.10996E+01    0.89044E+02
    0.77555E+00    0.29805E+02    0.29689E+03    0.10282E-15    0.30453E+03    0.10043E+01    0.10995E+01    0.89044E+02
    0.77756E+00    0.29810E+02    0.29695E+03    0.10305E-15    0.30459E+03    0.10042E+01    0.10995E+01    0.89043E+02
    0.77956E+00    0.29815E+02    0.29701E+03    0.10329E-15    0.30466E+03    0.10042E+01    0.10994E+01    0.89043E+02
    0.78156E+00    0.29819E+02    0.29707E+03    0.10353E-15    0.30472E+03    0.10041E+01    0.10994E+01    0.89042E+02
    0.78357E+00    0.29824E+02    0.29713E+03    0.10377E-15    0.30478E+03    0.10041E+01    0.10993E+01    0.89042E+02
    0.78557E+00    0.29829E+02    0.29719E+03    0.10401E-15    0.30485E+03    0.10040E+01    0.10993E+01    0.89042E+02
    0.78758E+00    0.29833E+02    0.29725E+03    0.10424E-15    0.30491E+03    0.10040E+01    0.10992E+01    0.89041E+02
    0.78958E+00    0.29838E+02    0.29732E+03    0.10448E-15    0.30497E+03    0.10039E+01    0.10992E+01    0.89041E+02
    0.79158E+00    0.29842E+02    0.29738E+03    0.10472E-15    0.30503E+03    0.10039E+01    0.10991E+01    0.89040E+02
    0.79359E+00    0.29847E+02    0.29744E+03    0.10496E-15    0.30510E+03    0.10038E+01    0.10991E+01    0.89040E+02
    0.79559E+00    0.29851E+02    0.29750E+03    0.10519E-15    0.30516E+03    0.10038E+01    0.10990E+01    0.89040E+02
    0.79760E+00    0.29856E+02    0.29756E+03    0.10543E-15    0.30522E+03    0.10037E+01    0.10990E+01    0.89039E+02
    0.79960E+00    0.29860E+02    0.29762E+03    0.10567E-15    0.30528E+03    0.10037E+01    0.10989E+01    0.89039E+02
    0.80160E+00    0.29865E+02    0.29768E+03    0.10590E-15    0.30535E+03    0.10036E+01    0.10989E+01    0.89038E+02
    0.80361E+00    0.29869E+02    0.29774E+03    0.10614E-15    0.30541E+03    0.10036E+01    0.10988E+01    0.89038E+02
    0.80561E+00    0.29874E+02    0.29780E+03    0.10638E-15    0.30547E+03    0.10035E+01    0.10987E+01    0.89038E+02
    0.80762E+00    0.29878E+02    0.29786E+03    0.10661E-15    0.30553E+03    0.10034E+01    0.10987E+01    0.89037E+02
    0.80962E+00    0.29882E+02    0.29791E+03    0.10685E-15    0.30559E+03    0.10034E+01    0.10986E+01    0.89037E+02
    0.81162E+00    0.29887E+02    0.29797E+03    0.10709E-15    0.30565E+03    0.10033E+01    0.10986E+01    0.89036E+02
    0.81363E+00    0.29891E+02    0.29803E+03    0.10732E-15    0.30571E+03    0.10033E+01    0.10985E+01    0.89036E+02
    0.81563E+00    0.29896E+02    0.29809E+03    0.10756E-15    0.30577E+03    0.10032E+01    0.10985E+01    0.89036E+02
    0.81764E+00    0.29900E+02    0.29815E+03    0.10779E-15    0.30583E+03    0.10032E+01    0.10984E+01    0.89035E+02
    0.81964E+00    0.29904E+02    0.29821E+03    0.10803E-15    0.30589E+03    0.10031E+01    0.10984E+01    0.89035E+02
    0.82164E+00    0.29909E+02    0.29826E+03    0.10827E-15    0.30595E+03    0.10031E+01    0.10983E+01    0.89034E+02
    0.82365E+00    0.29913E+02    0.29832E+03    0.10850E-15    0.30601E+03    0.10030E+01    0.10983E+01    0.89034E+02
    0.82565E+00    0.29917E+02    0.29838E+03    0.10874E-15    0.30607E+03    0.10030E+01    0.10982E+01    0.89034E+02
    0.82766E+00    0.29921E+02    0.29844E+03    0.10897E-15    0.30613E+03    0.10029E+01    0.10982E+01    0.89033E+02
    0.82966E+00    0.29926E+02    0.29849E+03    0.10921E-15    0.30619E+03    0.10029E+01    0.10981E+01    0.89033E+02
    0.83166E+00    0.29930E+02    0.29855E+03    0.10944E-15    0.30625E+03    0.10028E+01    0.10981E+01    0.89032E+02
    0.83367E+00    0.29934E+02    0.29861E+03    0.10968E-15    0.30631E+03    0.10028E+01    0.10980E+01    0.89032E+02
    0.83567E+00    0.29938E+02    0.29866E+03    0.10991E-15    0.30636E+03    0.10027E+01    0.10980E+01    0.89032E+02
    0.83768E+00    0.29943E+02    0.29872E+03    0.11015E-15    0.30642E+03    0.10027E+01    0.10979E+01    0.89031E+02
    0.83968E+00    0.29947E+02    0.29878E+03    0.11038E-15    0.30648E+03    0.10027E+01    0.10979E+01    0.89031E+02
    0.84168E+00    0.29951E+02    0.29883E+03    0.11062E-15    0.30654E+03    0.10026E+01    0.10978E+01    0.89030E+02
    0.84369E+00    0.29955E+02    0.29889E+03    0.11085E-15    0.30660E+03    0.10026E+01    0.10978E+01    0.89030E+02
    0.84569E+00    0.29959E+02    0.29895E+03    0.11108E-15    0.30665E+03    0.10025E+01    0.10977E+01    0.89030E+02
    0.84770E+00    0.29963E+02    0.29900E+03    0.11132E-15    0.30671E+03    0.10025E+01    0.10977E+01    0.89029E+02
    0.84970E+00    0.29967E+02    0.29906E+03    0.11155E-15    0.30677E+03    0.10024E+01    0.10976E+01    0.89029E+02
    0.85170E+00    0.29972E+02    0.29911E+03    0.11179E-15    0.30683E+03    0.10024E+01    0.10976E+01    0.89029E+02
    0.85371E+00    0.29976E+02    0.29917E+03    0.11202E-15    0.30688E+03    0.10023E+01    0.10975E+01    0.89028E+02
    0.85571E+00    0.29980E+02    0.29922E+03    0.11225E-15    0.30694E+03    0.10023E+01    0.10975E+01    0.89028E+02
    0.85772E+00    0.29984E+02    0.29928E+03    0.11249E-15    0.30700E+03    0.10022E+01    0.10974E+01    0.89027E+02
    0.85972E+00    0.29988E+02    0.29933E+03    0.11272E-15    0.30705E+03    0.10022E+01    0.10974E+01    0.89027E+02
    0.86172E+00    0.29992E+02    0.29939E+03    0.11295E-15    0.30711E+03    0.10021E+01    0.10973E+01    0.89027E+02
    0.86373E+00    0.29996E+02    0.29944E+03    0.11319E-15    0.30717E+03    0.10021E+01    0.10973E+01    0.89026E+02
    0.86573E+00    0.30000E+02    0.29949E+03    0.11342E-15    0.30722E+03    0.10020E+01    0.10972E+01    0.89026E+02
    0.86774E+00    0.30004E+02    0.29955E+03    0.11365E-15    0.30728E+03    0.10020E+01    0.10972E+01    0.89026E+02
    0.86974E+00    0.30008E+02    0.29960E+03    0.11389E-15    0.30733E+03    0.10019E+01    0.10971E+01    0.89025E+02
    0.87174E+00    0.30012E+02    0.29966E+03    0.11412E-15    0.30739E+03    0.10019E+01    0.10971E+01    0.89025E+02
    0.87375E+00    0.30016E+02    0.29971E+03    0.11435E-15    0.30744E+03    0.10018E+01    0.10970E+01    0.89024E+02
    0.87575E+00    0.30020E+02    0.29976E+03    0.11459E-15    0.30750E+03    0.10018E+01    0.10970E+01    0.89024E+02
    0.87776E+00    0.30024E+02    0.29982E+03    0.11482E-15    0.30755E+03    0.10017E+01    0.10969E+01    0.89024E+02
    0.87976E+00    0.30028E+02    0.29987E+03    0.11505E-15    0.30761E+03    0.10017E+01    0.10969E+01    0.89023E+02
    0.88176E+00    0.30032E+02    0.29992E+03    0.11528E-15    0.30766E+03    0.10017E+01    0.10969E+01    0.89023E+02
    0.88377E+00    0.30035E+02    0.29997E+03    0.11551E-15    0.30772E+03    0.10016E+01    0.10968E+01    0.89023E+02
    0.88577E+00    0.30039E+02    0.30003E+03    0.11575E-15    0.30777E+03    0.10016E+01    0.10968E+01    0.89022E+02
    0.88778E+00    0.30043E+02    0.30008E+03    0.11598E-15    0.30783E+03    0.10015E+01    0.10967E+01    0.89022E+02
    0.88978E+00    0.30047E+02    0.30013E+03    0.11621E-15    0.30788E+03    0.10015E+01    0.10967E+01    0.89022E+02
    0.89178E+00    0.30051E+02    0.30018E+03    0.11644E-15    0.30793E+03    0.10014E+01    0.10966E+01    0.89021E+02
    0.89379E+00    0.30055E+02    0.30024E+03    0.11667E-15    0.30799E+03    0.10014E+01    0.10966E+01    0.89021E+02
    0.89579E+00    0.30058E+02    0.30029E+03    0.11691E-15    0.30804E+03    0.10013E+01    0.10965E+01    0.89020E+02
    0.89780E+00    0.30062E+02    0.30034E+03    0.11714E-15    0.30809E+03    0.10013E+01    0.10965E+01    0.89020E+02
    0.89980E+00    0.30066E+02    0.30039E+03    0.11737E-15    0.30815E+03    0.10012E+01    0.10964E+01    0.89020E+02
    0.90180E+00    0.30070E+02    0.30044E+03    0.11760E-15    0.30820E+03    0.10012E+01    0.10964E+01    0.89019E+02
    0.90381E+00    0.30074E+02    0.30049E+03    0.11783E-15    0.30825E+03    0.10011E+01    0.10963E+01    0.89019E+02
    0.90581E+00    0.30077E+02    0.30054E+03    0.11806E-15    0.30831E+03    0.10011E+01    0.10963E+01    0.89019E+02
    0.90782E+00    0.30081E+02    0.30059E+03    0.11829E-15    0.30836E+03    0.10011E+01    0.10962E+01    0.89018E+02
    0.90982E+00    0.30085E+02    0.30065E+03    0.11852E-15    0.30841E+03    0.10010E+01    0.10962E+01    0.89018E+02
    0.91182E+00    0.30089E+02    0.30070E+03    0.11875E-15    0.30846E+03    0.10010E+01    0.10962E+01    0.89018E+02
    0.91383E+00    0.30092E+02    0.30075E+03    0.11898E-15    0.30851E+03    0.10009E+01    0.10961E+01    0.89017E+02
    0.91583E+00    0.30096E+02    0.30080E+03    0.11921E-15    0.30857E+03    0.10009E+01    0.10961E+01    0.89017E+02
    0.91784E+00    0.30100E+02    0.30085E+03    0.11944E-15    0.30862E+03    0.10008E+01    0.10960E+01    0.89017E+02
    0.91984E+00    0.30103E+02    0.30090E+03    0.11967E-15    0.30867E+03    0.10008E+01    0.10960E+01    0.89016E+02
    0.92184E+00    0.30107E+02    0.30095E+03    0.11990E-15    0.30872E+03    0.10007E+01    0.10959E+01    0.89016E+02
    0.92385E+00    0.30111E+02    0.30100E+03    0.12013E-15    0.30877E+03    0.10007E+01    0.10959E+01    0.89015E+02
    0.92585E+00    0.30114E+02    0.30105E+03    0.12036E-15    0.30882E+03    0.10007E+01    0.10958E+01    0.89015E+02
    0.92786E+00    0.30118E+02    0.30110E+03    0.12059E-15    0.30887E+03    0.10006E+01    0.10958E+01    0.89015E+02
    0.92986E+00    0.30121E+02    0.30115E+03    0.12082E-15    0.30893E+03    0.10006E+01    0.10957E+01    0.89014E+02
    0.93186E+00    0.30125E+02    0.30119E+03    0.12105E-15    0.30898E+03    0.10005E+01    0.10957E+01    0.89014E+02
    0.93387E+00    0.30129E+02    0.30124E+03    0.12128E-15    0.30903E+03    0.10005E+01    0.10957E+01    0.89014E+02
    0.93587E+00    0.30132E+02    0.30129E+03    0.12151E-15    0.30908E+03    0.10004E+01    0.10956E+01    0.89013E+02
    0.93788E+00    0.30136E+02    0.30134E+03    0.12174E-15    0.30913E+03    0.10004E+01    0.10956E+01    0.89013E+02
    0.93988E+00    0.30139E+02    0.30139E+03    0.12197E-15    0.30918E+03    0.10004E+01    0.10955E+01    0.89013E+02
    0.94188E+00    0.30143E+02    0.30144E+03    0.12220E-15    0.30923E+03    0.10003E+01    0.10955E+01    0.89012E+02
    0.94389E+00    0.30146E+02    0.30149E+03    0.12243E-15    0.30928E+03    0.10003E+01    0.10954E+01    0.89012E+02
    0.94589E+00    0.30150E+02    0.30153E+03    0.12266E-15    0.30933E+03    0.10002E+01    0.10954E+01    0.89012E+02
    0.94790E+00    0.30153E+02    0.30158E+03    0.12289E-15    0.30938E+03    0.10002E+01    0.10953E+01    0.89011E+02
    0.94990E+00    0.30157E+02    0.30163E+03    0.12311E-15    0.30943E+03    0.10001E+01    0.10953E+01    0.89011E+02
    0.95190E+00    0.30160E+02    0.30168E+03    0.12334E-15    0.30948E+03    0.10001E+01    0.10953E+01    0.89011E+02
    0.95391E+00    0.30164E+02    0.30173E+03    0.12357E-15    0.30953E+03    0.10001E+01    0.10952E+01    0.89010E+02
    0.95591E+00    0.30167E+02    0.30177E+03    0.12380E-15    0.30957E+03    0.10000E+01    0.10952E+01    0.89010E+02
    0.95792E+00    0.30171E+02    0.30182E+03    0.12403E-15    0.30962E+03    0.99997E+00    0.10951E+01    0.89010E+02
    0.95992E+00    0.30174E+02    0.30187E+03    0.12426E-15    0.30967E+03    0.99993E+00    0.10951E+01    0.89009E+02
    0.96192E+00    0.30178E+02    0.30192E+03    0.12448E-15    0.30972E+03    0.99988E+00    0.10950E+01    0.89009E+02
    0.96393E+00    0.30181E+02    0.30196E+03    0.12471E-15    0.30977E+03    0.99984E+00    0.10950E+01    0.89009E+02
    0.96593E+00    0.30185E+02    0.30201E+03    0.12494E-15    0.30982E+03    0.99980E+00    0.10950E+01    0.89008E+02
    0.96794E+00    0.30188E+02    0.30206E+03    0.12517E-15    0.30987E+03    0.99976E+00    0.10949E+01    0.89008E+02
    0.96994E+00    0.30191E+02    0.30210E+03    0.12539E-15    0.30991E+03    0.99972E+00    0.10949E+01    0.89008E+02
    0.97194E+00    0.30195E+02    0.30215E+03    0.12562E-15    0.30996E+03    0.99967E+00    0.10948E+01    0.89007E+02
    0.97395E+00    0.30198E+02    0.30220E+03    0.12585E-15    0.31001E+03    0.99963E+00    0.10948E+01    0.89007E+02
    0.97595E+00    0.30202E+02    0.30224E+03    0.12608E-15    0.31006E+03    0.99959E+00    0.10947E+01    0.89007E+02
    0.97796E+00    0.30205E+02    0.30229E+03    0.12630E-15    0.31011E+03    0.99955E+00    0.10947E+01    0.89006E+02
    0.97996E+00    0.30208E+02    0.30233E+03    0.12653E-15    0.31015E+03    0.99951E+00    0.10947E+01    0.89006E+02
    0.98196E+00    0.30212E+02    0.30238E+03    0.12676E-15    0.31020E+03    0.99947E+00    0.10946E+01    0.89006E+02
    0.98397E+00    0.30215E+02    0.30243E+03    0.12698E-15    0.31025E+03    0.99943E+00    0.10946E+01    0.89005E+02
    0.98597E+00    0.30218E+02    0.30247E+03    0.12721E-15    0.31030E+03    0.99938E+00    0.10945E+01    0.89005E+02
    0.98798E+00    0.30221E+02    0.30252E+03    0.12744E-15    0.31034E+03    0.99934E+00    0.10945E+01    0.89005E+02
    0.98998E+00    0.30225E+02    0.30256E+03    0.12766E-15    0.31039E+03    0.99930E+00    0.10944E+01    0.89004E+02
    0.99198E+00    0.30228E+02    0.30261E+03    0.12789E-15    0.31044E+03    0.99926E+00    0.10944E+01    0.89004E+02
    0.99399E+00    0.30231E+02    0.30265E+03    0.12812E-15    0.31048E+03    0.99922E+00    0.10944E+01    0.89004E+02
    0.99599E+00    0.30235E+02    0.30270E+03    0.12834E-15    0.31053E+03    0.99918E+00    0.10943E+01    0.89003E+02
    0.99800E+00    0.30238E+02    0.30274E+03    0.12857E-15    0.31057E+03    0.99914E+00    0.10943E+01    0.89003E+02
    0.10000E+01    0.30241E+02    0.30279E+03    0.12879E-15    0.31062E+03    0.99910E+00    0.10942E+01    0.89003E+02
 #Jsc:   310.621160610847      W/Vm^{2}
 #Vmax:  0.999098779261112      V
 #Voc:   1.09423427730799      V
 #fr:   1.00000000000000     
 #SLME-max   30.2410708977246      %
 #Thickness:   1.00000000000000      micro m
 #FF   89.0027649280307      %
