 # thickness,pce,jmax,j0,jsc,vmax,voc,ff
    0.00000E+00    0.00000E+00    0.00000E+00    0.00000E+00    0.00000E+00    0.11974E+01    0.11974E+01            NaN
    0.20040E-02    0.27928E+01    0.24117E+02    0.18631E-19    0.24655E+02    0.11584E+01    0.12573E+01    0.90125E+02
    0.40080E-02    0.51139E+01    0.44238E+02    0.37052E-19    0.45227E+02    0.11564E+01    0.12552E+01    0.90112E+02
    0.60120E-02    0.70823E+01    0.61364E+02    0.55265E-19    0.62738E+02    0.11545E+01    0.12533E+01    0.90101E+02
    0.80160E-02    0.87793E+01    0.76177E+02    0.73275E-19    0.77885E+02    0.11529E+01    0.12516E+01    0.90090E+02
    0.10020E-01    0.10262E+02    0.89158E+02    0.91083E-19    0.91160E+02    0.11514E+01    0.12501E+01    0.90081E+02
    0.12024E-01    0.11571E+02    0.10066E+03    0.10869E-18    0.10292E+03    0.11500E+01    0.12486E+01    0.90072E+02
    0.14028E-01    0.12738E+02    0.11093E+03    0.12611E-18    0.11343E+03    0.11487E+01    0.12473E+01    0.90063E+02
    0.16032E-01    0.13786E+02    0.12019E+03    0.14333E-18    0.12290E+03    0.11474E+01    0.12461E+01    0.90056E+02
    0.18036E-01    0.14733E+02    0.12857E+03    0.16036E-18    0.13147E+03    0.11463E+01    0.12449E+01    0.90049E+02
    0.20040E-01    0.15594E+02    0.13621E+03    0.17721E-18    0.13928E+03    0.11452E+01    0.12438E+01    0.90042E+02
    0.22044E-01    0.16380E+02    0.14320E+03    0.19387E-18    0.14644E+03    0.11442E+01    0.12428E+01    0.90035E+02
    0.24048E-01    0.17101E+02    0.14963E+03    0.21035E-18    0.15301E+03    0.11433E+01    0.12418E+01    0.90029E+02
    0.26052E-01    0.17764E+02    0.15556E+03    0.22664E-18    0.15908E+03    0.11424E+01    0.12409E+01    0.90024E+02
    0.28056E-01    0.18377E+02    0.16104E+03    0.24277E-18    0.16469E+03    0.11415E+01    0.12400E+01    0.90018E+02
    0.30060E-01    0.18945E+02    0.16614E+03    0.25871E-18    0.16990E+03    0.11407E+01    0.12392E+01    0.90013E+02
    0.32064E-01    0.19472E+02    0.17088E+03    0.27449E-18    0.17476E+03    0.11399E+01    0.12384E+01    0.90008E+02
    0.34068E-01    0.19963E+02    0.17531E+03    0.29010E-18    0.17928E+03    0.11392E+01    0.12376E+01    0.90003E+02
    0.36072E-01    0.20422E+02    0.17944E+03    0.30554E-18    0.18352E+03    0.11384E+01    0.12369E+01    0.89998E+02
    0.38076E-01    0.20851E+02    0.18332E+03    0.32081E-18    0.18749E+03    0.11378E+01    0.12362E+01    0.89994E+02
    0.40080E-01    0.21253E+02    0.18697E+03    0.33592E-18    0.19122E+03    0.11371E+01    0.12355E+01    0.89990E+02
    0.42084E-01    0.21630E+02    0.19040E+03    0.35087E-18    0.19473E+03    0.11364E+01    0.12348E+01    0.89985E+02
    0.44088E-01    0.21985E+02    0.19363E+03    0.36566E-18    0.19804E+03    0.11358E+01    0.12342E+01    0.89981E+02
    0.46092E-01    0.22320E+02    0.19668E+03    0.38030E-18    0.20116E+03    0.11352E+01    0.12336E+01    0.89978E+02
    0.48096E-01    0.22636E+02    0.19956E+03    0.39478E-18    0.20411E+03    0.11347E+01    0.12330E+01    0.89974E+02
    0.50100E-01    0.22934E+02    0.20229E+03    0.40911E-18    0.20690E+03    0.11341E+01    0.12324E+01    0.89970E+02
    0.52104E-01    0.23217E+02    0.20488E+03    0.42329E-18    0.20955E+03    0.11336E+01    0.12319E+01    0.89967E+02
    0.54108E-01    0.23484E+02    0.20734E+03    0.43732E-18    0.21207E+03    0.11330E+01    0.12313E+01    0.89963E+02
    0.56112E-01    0.23738E+02    0.20967E+03    0.45121E-18    0.21446E+03    0.11325E+01    0.12308E+01    0.89960E+02
    0.58116E-01    0.23979E+02    0.21189E+03    0.46495E-18    0.21673E+03    0.11320E+01    0.12303E+01    0.89957E+02
    0.60120E-01    0.24208E+02    0.21401E+03    0.47855E-18    0.21890E+03    0.11316E+01    0.12298E+01    0.89954E+02
    0.62124E-01    0.24426E+02    0.21603E+03    0.49201E-18    0.22096E+03    0.11311E+01    0.12294E+01    0.89951E+02
    0.64128E-01    0.24634E+02    0.21795E+03    0.50533E-18    0.22293E+03    0.11306E+01    0.12289E+01    0.89948E+02
    0.66132E-01    0.24832E+02    0.21979E+03    0.51851E-18    0.22482E+03    0.11302E+01    0.12285E+01    0.89945E+02
    0.68136E-01    0.25021E+02    0.22155E+03    0.53156E-18    0.22662E+03    0.11298E+01    0.12280E+01    0.89942E+02
    0.70140E-01    0.25202E+02    0.22323E+03    0.54448E-18    0.22834E+03    0.11294E+01    0.12276E+01    0.89939E+02
    0.72144E-01    0.25375E+02    0.22484E+03    0.55726E-18    0.22999E+03    0.11290E+01    0.12272E+01    0.89937E+02
    0.74148E-01    0.25540E+02    0.22638E+03    0.56992E-18    0.23157E+03    0.11286E+01    0.12268E+01    0.89934E+02
    0.76152E-01    0.25698E+02    0.22786E+03    0.58244E-18    0.23308E+03    0.11282E+01    0.12264E+01    0.89932E+02
    0.78156E-01    0.25850E+02    0.22928E+03    0.59484E-18    0.23454E+03    0.11278E+01    0.12260E+01    0.89929E+02
    0.80160E-01    0.25995E+02    0.23065E+03    0.60712E-18    0.23594E+03    0.11274E+01    0.12256E+01    0.89927E+02
    0.82164E-01    0.26135E+02    0.23196E+03    0.61927E-18    0.23728E+03    0.11271E+01    0.12253E+01    0.89925E+02
    0.84168E-01    0.26269E+02    0.23322E+03    0.63130E-18    0.23857E+03    0.11267E+01    0.12249E+01    0.89922E+02
    0.86172E-01    0.26397E+02    0.23443E+03    0.64321E-18    0.23981E+03    0.11264E+01    0.12245E+01    0.89920E+02
    0.88176E-01    0.26521E+02    0.23560E+03    0.65500E-18    0.24101E+03    0.11261E+01    0.12242E+01    0.89918E+02
    0.90180E-01    0.26640E+02    0.23673E+03    0.66667E-18    0.24216E+03    0.11257E+01    0.12239E+01    0.89916E+02
    0.92184E-01    0.26755E+02    0.23781E+03    0.67823E-18    0.24328E+03    0.11254E+01    0.12235E+01    0.89914E+02
    0.94188E-01    0.26865E+02    0.23886E+03    0.68967E-18    0.24435E+03    0.11251E+01    0.12232E+01    0.89912E+02
    0.96192E-01    0.26971E+02    0.23987E+03    0.70100E-18    0.24538E+03    0.11248E+01    0.12229E+01    0.89910E+02
    0.98196E-01    0.27074E+02    0.24085E+03    0.71222E-18    0.24638E+03    0.11245E+01    0.12226E+01    0.89908E+02
    0.10020E+00    0.27173E+02    0.24179E+03    0.72332E-18    0.24735E+03    0.11242E+01    0.12223E+01    0.89906E+02
    0.10220E+00    0.27268E+02    0.24270E+03    0.73432E-18    0.24828E+03    0.11239E+01    0.12220E+01    0.89904E+02
    0.10421E+00    0.27360E+02    0.24358E+03    0.74521E-18    0.24919E+03    0.11236E+01    0.12217E+01    0.89902E+02
    0.10621E+00    0.27449E+02    0.24443E+03    0.75600E-18    0.25006E+03    0.11234E+01    0.12215E+01    0.89900E+02
    0.10822E+00    0.27535E+02    0.24526E+03    0.76668E-18    0.25090E+03    0.11231E+01    0.12212E+01    0.89898E+02
    0.11022E+00    0.27618E+02    0.24606E+03    0.77726E-18    0.25172E+03    0.11228E+01    0.12209E+01    0.89897E+02
    0.11222E+00    0.27699E+02    0.24683E+03    0.78773E-18    0.25251E+03    0.11226E+01    0.12206E+01    0.89895E+02
    0.11423E+00    0.27777E+02    0.24758E+03    0.79810E-18    0.25328E+03    0.11223E+01    0.12204E+01    0.89893E+02
    0.11623E+00    0.27852E+02    0.24830E+03    0.80838E-18    0.25402E+03    0.11221E+01    0.12201E+01    0.89892E+02
    0.11824E+00    0.27925E+02    0.24901E+03    0.81855E-18    0.25475E+03    0.11218E+01    0.12199E+01    0.89890E+02
    0.12024E+00    0.27995E+02    0.24969E+03    0.82863E-18    0.25545E+03    0.11216E+01    0.12196E+01    0.89888E+02
    0.12224E+00    0.28064E+02    0.25035E+03    0.83861E-18    0.25613E+03    0.11213E+01    0.12194E+01    0.89887E+02
    0.12425E+00    0.28130E+02    0.25100E+03    0.84849E-18    0.25679E+03    0.11211E+01    0.12192E+01    0.89885E+02
    0.12625E+00    0.28194E+02    0.25162E+03    0.85828E-18    0.25743E+03    0.11209E+01    0.12189E+01    0.89884E+02
    0.12826E+00    0.28257E+02    0.25223E+03    0.86798E-18    0.25805E+03    0.11207E+01    0.12187E+01    0.89882E+02
    0.13026E+00    0.28317E+02    0.25282E+03    0.87758E-18    0.25865E+03    0.11204E+01    0.12185E+01    0.89881E+02
    0.13226E+00    0.28376E+02    0.25339E+03    0.88710E-18    0.25924E+03    0.11202E+01    0.12183E+01    0.89880E+02
    0.13427E+00    0.28433E+02    0.25395E+03    0.89652E-18    0.25981E+03    0.11200E+01    0.12180E+01    0.89878E+02
    0.13627E+00    0.28489E+02    0.25449E+03    0.90586E-18    0.26037E+03    0.11198E+01    0.12178E+01    0.89877E+02
    0.13828E+00    0.28543E+02    0.25502E+03    0.91511E-18    0.26091E+03    0.11196E+01    0.12176E+01    0.89875E+02
    0.14028E+00    0.28595E+02    0.25553E+03    0.92427E-18    0.26144E+03    0.11194E+01    0.12174E+01    0.89874E+02
    0.14228E+00    0.28646E+02    0.25603E+03    0.93334E-18    0.26195E+03    0.11192E+01    0.12172E+01    0.89873E+02
    0.14429E+00    0.28695E+02    0.25652E+03    0.94233E-18    0.26245E+03    0.11190E+01    0.12170E+01    0.89872E+02
    0.14629E+00    0.28743E+02    0.25700E+03    0.95124E-18    0.26293E+03    0.11188E+01    0.12168E+01    0.89870E+02
    0.14830E+00    0.28790E+02    0.25746E+03    0.96006E-18    0.26341E+03    0.11186E+01    0.12166E+01    0.89869E+02
    0.15030E+00    0.28836E+02    0.25791E+03    0.96880E-18    0.26387E+03    0.11184E+01    0.12164E+01    0.89868E+02
    0.15230E+00    0.28880E+02    0.25835E+03    0.97746E-18    0.26432E+03    0.11183E+01    0.12162E+01    0.89867E+02
    0.15431E+00    0.28924E+02    0.25878E+03    0.98604E-18    0.26476E+03    0.11181E+01    0.12161E+01    0.89865E+02
    0.15631E+00    0.28966E+02    0.25919E+03    0.99454E-18    0.26519E+03    0.11179E+01    0.12159E+01    0.89864E+02
    0.15832E+00    0.29007E+02    0.25960E+03    0.10030E-17    0.26560E+03    0.11177E+01    0.12157E+01    0.89863E+02
    0.16032E+00    0.29047E+02    0.26000E+03    0.10113E-17    0.26601E+03    0.11176E+01    0.12155E+01    0.89862E+02
    0.16232E+00    0.29086E+02    0.26039E+03    0.10196E-17    0.26641E+03    0.11174E+01    0.12154E+01    0.89861E+02
    0.16433E+00    0.29124E+02    0.26076E+03    0.10278E-17    0.26680E+03    0.11172E+01    0.12152E+01    0.89860E+02
    0.16633E+00    0.29161E+02    0.26113E+03    0.10359E-17    0.26718E+03    0.11171E+01    0.12150E+01    0.89859E+02
    0.16834E+00    0.29197E+02    0.26150E+03    0.10439E-17    0.26755E+03    0.11169E+01    0.12149E+01    0.89858E+02
    0.17034E+00    0.29232E+02    0.26185E+03    0.10519E-17    0.26791E+03    0.11168E+01    0.12147E+01    0.89857E+02
    0.17234E+00    0.29266E+02    0.26219E+03    0.10598E-17    0.26826E+03    0.11166E+01    0.12145E+01    0.89856E+02
    0.17435E+00    0.29300E+02    0.26253E+03    0.10676E-17    0.26861E+03    0.11164E+01    0.12144E+01    0.89855E+02
    0.17635E+00    0.29333E+02    0.26286E+03    0.10754E-17    0.26895E+03    0.11163E+01    0.12142E+01    0.89854E+02
    0.17836E+00    0.29365E+02    0.26318E+03    0.10831E-17    0.26928E+03    0.11161E+01    0.12141E+01    0.89853E+02
    0.18036E+00    0.29396E+02    0.26350E+03    0.10907E-17    0.26960E+03    0.11160E+01    0.12139E+01    0.89852E+02
    0.18236E+00    0.29427E+02    0.26380E+03    0.10982E-17    0.26992E+03    0.11159E+01    0.12138E+01    0.89851E+02
    0.18437E+00    0.29456E+02    0.26411E+03    0.11057E-17    0.27022E+03    0.11157E+01    0.12136E+01    0.89850E+02
    0.18637E+00    0.29486E+02    0.26440E+03    0.11131E-17    0.27053E+03    0.11156E+01    0.12135E+01    0.89849E+02
    0.18838E+00    0.29514E+02    0.26469E+03    0.11205E-17    0.27082E+03    0.11154E+01    0.12133E+01    0.89848E+02
    0.19038E+00    0.29542E+02    0.26497E+03    0.11278E-17    0.27111E+03    0.11153E+01    0.12132E+01    0.89847E+02
    0.19238E+00    0.29569E+02    0.26525E+03    0.11350E-17    0.27140E+03    0.11152E+01    0.12131E+01    0.89846E+02
    0.19439E+00    0.29596E+02    0.26552E+03    0.11421E-17    0.27167E+03    0.11150E+01    0.12129E+01    0.89845E+02
    0.19639E+00    0.29622E+02    0.26578E+03    0.11492E-17    0.27195E+03    0.11149E+01    0.12128E+01    0.89844E+02
    0.19840E+00    0.29647E+02    0.26604E+03    0.11562E-17    0.27221E+03    0.11148E+01    0.12127E+01    0.89843E+02
    0.20040E+00    0.29672E+02    0.26630E+03    0.11632E-17    0.27247E+03    0.11146E+01    0.12125E+01    0.89843E+02
    0.20240E+00    0.29697E+02    0.26655E+03    0.11701E-17    0.27273E+03    0.11145E+01    0.12124E+01    0.89842E+02
    0.20441E+00    0.29721E+02    0.26679E+03    0.11769E-17    0.27298E+03    0.11144E+01    0.12123E+01    0.89841E+02
    0.20641E+00    0.29744E+02    0.26703E+03    0.11837E-17    0.27323E+03    0.11143E+01    0.12122E+01    0.89840E+02
    0.20842E+00    0.29767E+02    0.26726E+03    0.11904E-17    0.27347E+03    0.11141E+01    0.12120E+01    0.89839E+02
    0.21042E+00    0.29789E+02    0.26749E+03    0.11971E-17    0.27370E+03    0.11140E+01    0.12119E+01    0.89838E+02
    0.21242E+00    0.29811E+02    0.26772E+03    0.12037E-17    0.27393E+03    0.11139E+01    0.12118E+01    0.89838E+02
    0.21443E+00    0.29833E+02    0.26794E+03    0.12102E-17    0.27416E+03    0.11138E+01    0.12117E+01    0.89837E+02
    0.21643E+00    0.29854E+02    0.26816E+03    0.12167E-17    0.27438E+03    0.11137E+01    0.12116E+01    0.89836E+02
    0.21844E+00    0.29875E+02    0.26837E+03    0.12232E-17    0.27460E+03    0.11136E+01    0.12114E+01    0.89835E+02
    0.22044E+00    0.29895E+02    0.26858E+03    0.12295E-17    0.27482E+03    0.11135E+01    0.12113E+01    0.89835E+02
    0.22244E+00    0.29915E+02    0.26878E+03    0.12359E-17    0.27503E+03    0.11133E+01    0.12112E+01    0.89834E+02
    0.22445E+00    0.29934E+02    0.26899E+03    0.12421E-17    0.27523E+03    0.11132E+01    0.12111E+01    0.89833E+02
    0.22645E+00    0.29953E+02    0.26918E+03    0.12483E-17    0.27543E+03    0.11131E+01    0.12110E+01    0.89832E+02
    0.22846E+00    0.29972E+02    0.26938E+03    0.12545E-17    0.27563E+03    0.11130E+01    0.12109E+01    0.89832E+02
    0.23046E+00    0.29990E+02    0.26957E+03    0.12606E-17    0.27583E+03    0.11129E+01    0.12108E+01    0.89831E+02
    0.23246E+00    0.30008E+02    0.26975E+03    0.12666E-17    0.27602E+03    0.11128E+01    0.12107E+01    0.89830E+02
    0.23447E+00    0.30026E+02    0.26994E+03    0.12726E-17    0.27621E+03    0.11127E+01    0.12106E+01    0.89830E+02
    0.23647E+00    0.30043E+02    0.27012E+03    0.12786E-17    0.27639E+03    0.11126E+01    0.12105E+01    0.89829E+02
    0.23848E+00    0.30060E+02    0.27029E+03    0.12845E-17    0.27658E+03    0.11125E+01    0.12104E+01    0.89828E+02
    0.24048E+00    0.30077E+02    0.27047E+03    0.12903E-17    0.27675E+03    0.11124E+01    0.12103E+01    0.89828E+02
    0.24248E+00    0.30093E+02    0.27064E+03    0.12961E-17    0.27693E+03    0.11123E+01    0.12102E+01    0.89827E+02
    0.24449E+00    0.30109E+02    0.27081E+03    0.13019E-17    0.27710E+03    0.11122E+01    0.12101E+01    0.89826E+02
    0.24649E+00    0.30125E+02    0.27097E+03    0.13076E-17    0.27727E+03    0.11121E+01    0.12100E+01    0.89826E+02
    0.24850E+00    0.30141E+02    0.27113E+03    0.13132E-17    0.27744E+03    0.11120E+01    0.12099E+01    0.89825E+02
    0.25050E+00    0.30156E+02    0.27129E+03    0.13188E-17    0.27760E+03    0.11119E+01    0.12098E+01    0.89824E+02
    0.25251E+00    0.30171E+02    0.27145E+03    0.13244E-17    0.27776E+03    0.11118E+01    0.12097E+01    0.89824E+02
    0.25451E+00    0.30185E+02    0.27160E+03    0.13299E-17    0.27792E+03    0.11118E+01    0.12096E+01    0.89823E+02
    0.25651E+00    0.30200E+02    0.27176E+03    0.13353E-17    0.27807E+03    0.11117E+01    0.12095E+01    0.89823E+02
    0.25852E+00    0.30214E+02    0.27190E+03    0.13408E-17    0.27823E+03    0.11116E+01    0.12094E+01    0.89822E+02
    0.26052E+00    0.30228E+02    0.27205E+03    0.13461E-17    0.27838E+03    0.11115E+01    0.12093E+01    0.89822E+02
    0.26253E+00    0.30241E+02    0.27219E+03    0.13514E-17    0.27853E+03    0.11114E+01    0.12092E+01    0.89821E+02
    0.26453E+00    0.30255E+02    0.27234E+03    0.13567E-17    0.27867E+03    0.11113E+01    0.12091E+01    0.89820E+02
    0.26653E+00    0.30268E+02    0.27248E+03    0.13619E-17    0.27881E+03    0.11112E+01    0.12091E+01    0.89820E+02
    0.26854E+00    0.30281E+02    0.27261E+03    0.13671E-17    0.27895E+03    0.11111E+01    0.12090E+01    0.89819E+02
    0.27054E+00    0.30294E+02    0.27275E+03    0.13723E-17    0.27909E+03    0.11111E+01    0.12089E+01    0.89819E+02
    0.27255E+00    0.30306E+02    0.27288E+03    0.13774E-17    0.27923E+03    0.11110E+01    0.12088E+01    0.89818E+02
    0.27455E+00    0.30318E+02    0.27301E+03    0.13824E-17    0.27936E+03    0.11109E+01    0.12087E+01    0.89818E+02
    0.27655E+00    0.30331E+02    0.27314E+03    0.13875E-17    0.27950E+03    0.11108E+01    0.12086E+01    0.89817E+02
    0.27856E+00    0.30342E+02    0.27327E+03    0.13924E-17    0.27963E+03    0.11107E+01    0.12086E+01    0.89817E+02
    0.28056E+00    0.30354E+02    0.27339E+03    0.13974E-17    0.27975E+03    0.11107E+01    0.12085E+01    0.89816E+02
    0.28257E+00    0.30366E+02    0.27351E+03    0.14023E-17    0.27988E+03    0.11106E+01    0.12084E+01    0.89815E+02
    0.28457E+00    0.30377E+02    0.27363E+03    0.14071E-17    0.28000E+03    0.11105E+01    0.12083E+01    0.89815E+02
    0.28657E+00    0.30388E+02    0.27375E+03    0.14119E-17    0.28013E+03    0.11104E+01    0.12082E+01    0.89814E+02
    0.28858E+00    0.30399E+02    0.27387E+03    0.14167E-17    0.28025E+03    0.11104E+01    0.12082E+01    0.89814E+02
    0.29058E+00    0.30410E+02    0.27398E+03    0.14214E-17    0.28036E+03    0.11103E+01    0.12081E+01    0.89813E+02
    0.29259E+00    0.30420E+02    0.27410E+03    0.14261E-17    0.28048E+03    0.11102E+01    0.12080E+01    0.89813E+02
    0.29459E+00    0.30431E+02    0.27421E+03    0.14308E-17    0.28059E+03    0.11101E+01    0.12079E+01    0.89813E+02
    0.29659E+00    0.30441E+02    0.27432E+03    0.14354E-17    0.28071E+03    0.11101E+01    0.12079E+01    0.89812E+02
    0.29860E+00    0.30451E+02    0.27443E+03    0.14400E-17    0.28082E+03    0.11100E+01    0.12078E+01    0.89812E+02
    0.30060E+00    0.30461E+02    0.27453E+03    0.14445E-17    0.28093E+03    0.11099E+01    0.12077E+01    0.89811E+02
    0.30261E+00    0.30471E+02    0.27464E+03    0.14490E-17    0.28104E+03    0.11099E+01    0.12077E+01    0.89811E+02
    0.30461E+00    0.30481E+02    0.27474E+03    0.14535E-17    0.28114E+03    0.11098E+01    0.12076E+01    0.89810E+02
    0.30661E+00    0.30490E+02    0.27485E+03    0.14579E-17    0.28125E+03    0.11097E+01    0.12075E+01    0.89810E+02
    0.30862E+00    0.30499E+02    0.27495E+03    0.14623E-17    0.28135E+03    0.11097E+01    0.12074E+01    0.89809E+02
    0.31062E+00    0.30509E+02    0.27505E+03    0.14667E-17    0.28145E+03    0.11096E+01    0.12074E+01    0.89809E+02
    0.31263E+00    0.30518E+02    0.27514E+03    0.14710E-17    0.28155E+03    0.11095E+01    0.12073E+01    0.89808E+02
    0.31463E+00    0.30527E+02    0.27524E+03    0.14753E-17    0.28165E+03    0.11095E+01    0.12072E+01    0.89808E+02
    0.31663E+00    0.30535E+02    0.27534E+03    0.14795E-17    0.28175E+03    0.11094E+01    0.12072E+01    0.89808E+02
    0.31864E+00    0.30544E+02    0.27543E+03    0.14838E-17    0.28185E+03    0.11093E+01    0.12071E+01    0.89807E+02
    0.32064E+00    0.30553E+02    0.27552E+03    0.14879E-17    0.28194E+03    0.11093E+01    0.12071E+01    0.89807E+02
    0.32265E+00    0.30561E+02    0.27561E+03    0.14921E-17    0.28204E+03    0.11092E+01    0.12070E+01    0.89806E+02
    0.32465E+00    0.30569E+02    0.27570E+03    0.14962E-17    0.28213E+03    0.11092E+01    0.12069E+01    0.89806E+02
    0.32665E+00    0.30577E+02    0.27579E+03    0.15003E-17    0.28222E+03    0.11091E+01    0.12069E+01    0.89805E+02
    0.32866E+00    0.30585E+02    0.27588E+03    0.15043E-17    0.28231E+03    0.11090E+01    0.12068E+01    0.89805E+02
    0.33066E+00    0.30593E+02    0.27596E+03    0.15084E-17    0.28240E+03    0.11090E+01    0.12067E+01    0.89805E+02
    0.33267E+00    0.30601E+02    0.27605E+03    0.15123E-17    0.28248E+03    0.11089E+01    0.12067E+01    0.89804E+02
    0.33467E+00    0.30609E+02    0.27613E+03    0.15163E-17    0.28257E+03    0.11089E+01    0.12066E+01    0.89804E+02
    0.33667E+00    0.30616E+02    0.27621E+03    0.15202E-17    0.28265E+03    0.11088E+01    0.12066E+01    0.89803E+02
    0.33868E+00    0.30624E+02    0.27630E+03    0.15241E-17    0.28274E+03    0.11087E+01    0.12065E+01    0.89803E+02
    0.34068E+00    0.30631E+02    0.27638E+03    0.15280E-17    0.28282E+03    0.11087E+01    0.12064E+01    0.89803E+02
    0.34269E+00    0.30638E+02    0.27646E+03    0.15318E-17    0.28290E+03    0.11086E+01    0.12064E+01    0.89802E+02
    0.34469E+00    0.30645E+02    0.27653E+03    0.15356E-17    0.28298E+03    0.11086E+01    0.12063E+01    0.89802E+02
    0.34669E+00    0.30652E+02    0.27661E+03    0.15394E-17    0.28306E+03    0.11085E+01    0.12063E+01    0.89802E+02
    0.34870E+00    0.30659E+02    0.27669E+03    0.15431E-17    0.28314E+03    0.11085E+01    0.12062E+01    0.89801E+02
    0.35070E+00    0.30666E+02    0.27676E+03    0.15468E-17    0.28322E+03    0.11084E+01    0.12062E+01    0.89801E+02
    0.35271E+00    0.30673E+02    0.27684E+03    0.15505E-17    0.28329E+03    0.11084E+01    0.12061E+01    0.89801E+02
    0.35471E+00    0.30680E+02    0.27691E+03    0.15541E-17    0.28337E+03    0.11083E+01    0.12061E+01    0.89800E+02
    0.35671E+00    0.30686E+02    0.27698E+03    0.15578E-17    0.28344E+03    0.11083E+01    0.12060E+01    0.89800E+02
    0.35872E+00    0.30693E+02    0.27705E+03    0.15613E-17    0.28352E+03    0.11082E+01    0.12060E+01    0.89799E+02
    0.36072E+00    0.30699E+02    0.27712E+03    0.15649E-17    0.28359E+03    0.11081E+01    0.12059E+01    0.89799E+02
    0.36273E+00    0.30705E+02    0.27719E+03    0.15684E-17    0.28366E+03    0.11081E+01    0.12058E+01    0.89799E+02
    0.36473E+00    0.30711E+02    0.27726E+03    0.15719E-17    0.28373E+03    0.11080E+01    0.12058E+01    0.89798E+02
    0.36673E+00    0.30718E+02    0.27733E+03    0.15754E-17    0.28380E+03    0.11080E+01    0.12057E+01    0.89798E+02
    0.36874E+00    0.30724E+02    0.27740E+03    0.15789E-17    0.28387E+03    0.11079E+01    0.12057E+01    0.89798E+02
    0.37074E+00    0.30729E+02    0.27746E+03    0.15823E-17    0.28394E+03    0.11079E+01    0.12056E+01    0.89797E+02
    0.37275E+00    0.30735E+02    0.27753E+03    0.15857E-17    0.28400E+03    0.11079E+01    0.12056E+01    0.89797E+02
    0.37475E+00    0.30741E+02    0.27759E+03    0.15891E-17    0.28407E+03    0.11078E+01    0.12055E+01    0.89797E+02
    0.37675E+00    0.30747E+02    0.27765E+03    0.15924E-17    0.28413E+03    0.11078E+01    0.12055E+01    0.89796E+02
    0.37876E+00    0.30752E+02    0.27772E+03    0.15957E-17    0.28420E+03    0.11077E+01    0.12054E+01    0.89796E+02
    0.38076E+00    0.30758E+02    0.27778E+03    0.15990E-17    0.28426E+03    0.11077E+01    0.12054E+01    0.89796E+02
    0.38277E+00    0.30763E+02    0.27784E+03    0.16023E-17    0.28432E+03    0.11076E+01    0.12054E+01    0.89796E+02
    0.38477E+00    0.30769E+02    0.27790E+03    0.16055E-17    0.28439E+03    0.11076E+01    0.12053E+01    0.89795E+02
    0.38677E+00    0.30774E+02    0.27796E+03    0.16087E-17    0.28445E+03    0.11075E+01    0.12053E+01    0.89795E+02
    0.38878E+00    0.30779E+02    0.27802E+03    0.16119E-17    0.28451E+03    0.11075E+01    0.12052E+01    0.89795E+02
    0.39078E+00    0.30785E+02    0.27808E+03    0.16151E-17    0.28457E+03    0.11074E+01    0.12052E+01    0.89794E+02
    0.39279E+00    0.30790E+02    0.27813E+03    0.16182E-17    0.28463E+03    0.11074E+01    0.12051E+01    0.89794E+02
    0.39479E+00    0.30795E+02    0.27819E+03    0.16214E-17    0.28468E+03    0.11074E+01    0.12051E+01    0.89794E+02
    0.39679E+00    0.30800E+02    0.27825E+03    0.16244E-17    0.28474E+03    0.11073E+01    0.12050E+01    0.89793E+02
    0.39880E+00    0.30805E+02    0.27830E+03    0.16275E-17    0.28480E+03    0.11073E+01    0.12050E+01    0.89793E+02
    0.40080E+00    0.30810E+02    0.27836E+03    0.16306E-17    0.28485E+03    0.11072E+01    0.12050E+01    0.89793E+02
    0.40281E+00    0.30814E+02    0.27841E+03    0.16336E-17    0.28491E+03    0.11072E+01    0.12049E+01    0.89793E+02
    0.40481E+00    0.30819E+02    0.27846E+03    0.16366E-17    0.28496E+03    0.11071E+01    0.12049E+01    0.89792E+02
    0.40681E+00    0.30824E+02    0.27852E+03    0.16396E-17    0.28502E+03    0.11071E+01    0.12048E+01    0.89792E+02
    0.40882E+00    0.30829E+02    0.27857E+03    0.16425E-17    0.28507E+03    0.11071E+01    0.12048E+01    0.89792E+02
    0.41082E+00    0.30833E+02    0.27862E+03    0.16454E-17    0.28513E+03    0.11070E+01    0.12047E+01    0.89792E+02
    0.41283E+00    0.30838E+02    0.27867E+03    0.16483E-17    0.28518E+03    0.11070E+01    0.12047E+01    0.89791E+02
    0.41483E+00    0.30842E+02    0.27872E+03    0.16512E-17    0.28523E+03    0.11069E+01    0.12047E+01    0.89791E+02
    0.41683E+00    0.30846E+02    0.27877E+03    0.16541E-17    0.28528E+03    0.11069E+01    0.12046E+01    0.89791E+02
    0.41884E+00    0.30851E+02    0.27882E+03    0.16569E-17    0.28533E+03    0.11069E+01    0.12046E+01    0.89790E+02
    0.42084E+00    0.30855E+02    0.27887E+03    0.16597E-17    0.28538E+03    0.11068E+01    0.12045E+01    0.89790E+02
    0.42285E+00    0.30859E+02    0.27891E+03    0.16625E-17    0.28543E+03    0.11068E+01    0.12045E+01    0.89790E+02
    0.42485E+00    0.30863E+02    0.27896E+03    0.16653E-17    0.28548E+03    0.11067E+01    0.12045E+01    0.89790E+02
    0.42685E+00    0.30868E+02    0.27901E+03    0.16681E-17    0.28553E+03    0.11067E+01    0.12044E+01    0.89789E+02
    0.42886E+00    0.30872E+02    0.27905E+03    0.16708E-17    0.28557E+03    0.11067E+01    0.12044E+01    0.89789E+02
    0.43086E+00    0.30876E+02    0.27910E+03    0.16735E-17    0.28562E+03    0.11066E+01    0.12043E+01    0.89789E+02
    0.43287E+00    0.30880E+02    0.27915E+03    0.16762E-17    0.28567E+03    0.11066E+01    0.12043E+01    0.89789E+02
    0.43487E+00    0.30884E+02    0.27919E+03    0.16789E-17    0.28571E+03    0.11066E+01    0.12043E+01    0.89788E+02
    0.43687E+00    0.30887E+02    0.27923E+03    0.16815E-17    0.28576E+03    0.11065E+01    0.12042E+01    0.89788E+02
    0.43888E+00    0.30891E+02    0.27928E+03    0.16841E-17    0.28580E+03    0.11065E+01    0.12042E+01    0.89788E+02
    0.44088E+00    0.30895E+02    0.27932E+03    0.16868E-17    0.28585E+03    0.11065E+01    0.12042E+01    0.89788E+02
    0.44289E+00    0.30899E+02    0.27936E+03    0.16893E-17    0.28589E+03    0.11064E+01    0.12041E+01    0.89787E+02
    0.44489E+00    0.30902E+02    0.27940E+03    0.16919E-17    0.28593E+03    0.11064E+01    0.12041E+01    0.89787E+02
    0.44689E+00    0.30906E+02    0.27945E+03    0.16945E-17    0.28598E+03    0.11064E+01    0.12041E+01    0.89787E+02
    0.44890E+00    0.30910E+02    0.27949E+03    0.16970E-17    0.28602E+03    0.11063E+01    0.12040E+01    0.89787E+02
    0.45090E+00    0.30913E+02    0.27953E+03    0.16995E-17    0.28606E+03    0.11063E+01    0.12040E+01    0.89787E+02
    0.45291E+00    0.30917E+02    0.27957E+03    0.17020E-17    0.28610E+03    0.11062E+01    0.12040E+01    0.89786E+02
    0.45491E+00    0.30920E+02    0.27961E+03    0.17045E-17    0.28614E+03    0.11062E+01    0.12039E+01    0.89786E+02
    0.45691E+00    0.30924E+02    0.27965E+03    0.17069E-17    0.28618E+03    0.11062E+01    0.12039E+01    0.89786E+02
    0.45892E+00    0.30927E+02    0.27969E+03    0.17094E-17    0.28622E+03    0.11062E+01    0.12039E+01    0.89786E+02
    0.46092E+00    0.30930E+02    0.27972E+03    0.17118E-17    0.28626E+03    0.11061E+01    0.12038E+01    0.89785E+02
    0.46293E+00    0.30934E+02    0.27976E+03    0.17142E-17    0.28630E+03    0.11061E+01    0.12038E+01    0.89785E+02
    0.46493E+00    0.30937E+02    0.27980E+03    0.17166E-17    0.28634E+03    0.11061E+01    0.12038E+01    0.89785E+02
    0.46693E+00    0.30940E+02    0.27984E+03    0.17189E-17    0.28638E+03    0.11060E+01    0.12037E+01    0.89785E+02
    0.46894E+00    0.30943E+02    0.27987E+03    0.17213E-17    0.28642E+03    0.11060E+01    0.12037E+01    0.89785E+02
    0.47094E+00    0.30946E+02    0.27991E+03    0.17236E-17    0.28645E+03    0.11060E+01    0.12037E+01    0.89784E+02
    0.47295E+00    0.30950E+02    0.27995E+03    0.17259E-17    0.28649E+03    0.11059E+01    0.12036E+01    0.89784E+02
    0.47495E+00    0.30953E+02    0.27998E+03    0.17282E-17    0.28653E+03    0.11059E+01    0.12036E+01    0.89784E+02
    0.47695E+00    0.30956E+02    0.28002E+03    0.17305E-17    0.28656E+03    0.11059E+01    0.12036E+01    0.89784E+02
    0.47896E+00    0.30959E+02    0.28005E+03    0.17327E-17    0.28660E+03    0.11058E+01    0.12035E+01    0.89784E+02
    0.48096E+00    0.30962E+02    0.28009E+03    0.17350E-17    0.28663E+03    0.11058E+01    0.12035E+01    0.89783E+02
    0.48297E+00    0.30965E+02    0.28012E+03    0.17372E-17    0.28667E+03    0.11058E+01    0.12035E+01    0.89783E+02
    0.48497E+00    0.30968E+02    0.28015E+03    0.17394E-17    0.28670E+03    0.11058E+01    0.12034E+01    0.89783E+02
    0.48697E+00    0.30970E+02    0.28019E+03    0.17416E-17    0.28674E+03    0.11057E+01    0.12034E+01    0.89783E+02
    0.48898E+00    0.30973E+02    0.28022E+03    0.17438E-17    0.28677E+03    0.11057E+01    0.12034E+01    0.89783E+02
    0.49098E+00    0.30976E+02    0.28025E+03    0.17459E-17    0.28681E+03    0.11057E+01    0.12034E+01    0.89782E+02
    0.49299E+00    0.30979E+02    0.28028E+03    0.17481E-17    0.28684E+03    0.11056E+01    0.12033E+01    0.89782E+02
    0.49499E+00    0.30982E+02    0.28032E+03    0.17502E-17    0.28687E+03    0.11056E+01    0.12033E+01    0.89782E+02
    0.49699E+00    0.30984E+02    0.28035E+03    0.17523E-17    0.28690E+03    0.11056E+01    0.12033E+01    0.89782E+02
    0.49900E+00    0.30987E+02    0.28038E+03    0.17544E-17    0.28694E+03    0.11056E+01    0.12032E+01    0.89782E+02
    0.50100E+00    0.30990E+02    0.28041E+03    0.17565E-17    0.28697E+03    0.11055E+01    0.12032E+01    0.89781E+02
    0.50301E+00    0.30992E+02    0.28044E+03    0.17586E-17    0.28700E+03    0.11055E+01    0.12032E+01    0.89781E+02
    0.50501E+00    0.30995E+02    0.28047E+03    0.17606E-17    0.28703E+03    0.11055E+01    0.12032E+01    0.89781E+02
    0.50701E+00    0.30997E+02    0.28050E+03    0.17627E-17    0.28706E+03    0.11054E+01    0.12031E+01    0.89781E+02
    0.50902E+00    0.31000E+02    0.28053E+03    0.17647E-17    0.28709E+03    0.11054E+01    0.12031E+01    0.89781E+02
    0.51102E+00    0.31002E+02    0.28056E+03    0.17667E-17    0.28712E+03    0.11054E+01    0.12031E+01    0.89781E+02
    0.51303E+00    0.31005E+02    0.28059E+03    0.17687E-17    0.28715E+03    0.11054E+01    0.12031E+01    0.89780E+02
    0.51503E+00    0.31007E+02    0.28062E+03    0.17707E-17    0.28718E+03    0.11053E+01    0.12030E+01    0.89780E+02
    0.51703E+00    0.31010E+02    0.28065E+03    0.17726E-17    0.28721E+03    0.11053E+01    0.12030E+01    0.89780E+02
    0.51904E+00    0.31012E+02    0.28067E+03    0.17746E-17    0.28724E+03    0.11053E+01    0.12030E+01    0.89780E+02
    0.52104E+00    0.31015E+02    0.28070E+03    0.17765E-17    0.28727E+03    0.11053E+01    0.12030E+01    0.89780E+02
    0.52305E+00    0.31017E+02    0.28073E+03    0.17784E-17    0.28730E+03    0.11052E+01    0.12029E+01    0.89780E+02
    0.52505E+00    0.31019E+02    0.28076E+03    0.17803E-17    0.28732E+03    0.11052E+01    0.12029E+01    0.89779E+02
    0.52705E+00    0.31021E+02    0.28078E+03    0.17822E-17    0.28735E+03    0.11052E+01    0.12029E+01    0.89779E+02
    0.52906E+00    0.31024E+02    0.28081E+03    0.17841E-17    0.28738E+03    0.11052E+01    0.12029E+01    0.89779E+02
    0.53106E+00    0.31026E+02    0.28084E+03    0.17859E-17    0.28741E+03    0.11051E+01    0.12028E+01    0.89779E+02
    0.53307E+00    0.31028E+02    0.28086E+03    0.17878E-17    0.28743E+03    0.11051E+01    0.12028E+01    0.89779E+02
    0.53507E+00    0.31030E+02    0.28089E+03    0.17896E-17    0.28746E+03    0.11051E+01    0.12028E+01    0.89779E+02
    0.53707E+00    0.31033E+02    0.28091E+03    0.17914E-17    0.28749E+03    0.11051E+01    0.12028E+01    0.89778E+02
    0.53908E+00    0.31035E+02    0.28094E+03    0.17933E-17    0.28751E+03    0.11051E+01    0.12027E+01    0.89778E+02
    0.54108E+00    0.31037E+02    0.28096E+03    0.17951E-17    0.28754E+03    0.11050E+01    0.12027E+01    0.89778E+02
    0.54309E+00    0.31039E+02    0.28099E+03    0.17968E-17    0.28756E+03    0.11050E+01    0.12027E+01    0.89778E+02
    0.54509E+00    0.31041E+02    0.28101E+03    0.17986E-17    0.28759E+03    0.11050E+01    0.12027E+01    0.89778E+02
    0.54709E+00    0.31043E+02    0.28104E+03    0.18004E-17    0.28761E+03    0.11050E+01    0.12026E+01    0.89778E+02
    0.54910E+00    0.31045E+02    0.28106E+03    0.18021E-17    0.28764E+03    0.11049E+01    0.12026E+01    0.89778E+02
    0.55110E+00    0.31047E+02    0.28109E+03    0.18038E-17    0.28766E+03    0.11049E+01    0.12026E+01    0.89777E+02
    0.55311E+00    0.31049E+02    0.28111E+03    0.18056E-17    0.28769E+03    0.11049E+01    0.12026E+01    0.89777E+02
    0.55511E+00    0.31051E+02    0.28113E+03    0.18073E-17    0.28771E+03    0.11049E+01    0.12025E+01    0.89777E+02
    0.55711E+00    0.31053E+02    0.28116E+03    0.18090E-17    0.28773E+03    0.11049E+01    0.12025E+01    0.89777E+02
    0.55912E+00    0.31055E+02    0.28118E+03    0.18106E-17    0.28776E+03    0.11048E+01    0.12025E+01    0.89777E+02
    0.56112E+00    0.31057E+02    0.28120E+03    0.18123E-17    0.28778E+03    0.11048E+01    0.12025E+01    0.89777E+02
    0.56313E+00    0.31059E+02    0.28122E+03    0.18140E-17    0.28780E+03    0.11048E+01    0.12025E+01    0.89777E+02
    0.56513E+00    0.31061E+02    0.28125E+03    0.18156E-17    0.28783E+03    0.11048E+01    0.12024E+01    0.89776E+02
    0.56713E+00    0.31062E+02    0.28127E+03    0.18172E-17    0.28785E+03    0.11047E+01    0.12024E+01    0.89776E+02
    0.56914E+00    0.31064E+02    0.28129E+03    0.18189E-17    0.28787E+03    0.11047E+01    0.12024E+01    0.89776E+02
    0.57114E+00    0.31066E+02    0.28131E+03    0.18205E-17    0.28789E+03    0.11047E+01    0.12024E+01    0.89776E+02
    0.57315E+00    0.31068E+02    0.28133E+03    0.18221E-17    0.28792E+03    0.11047E+01    0.12024E+01    0.89776E+02
    0.57515E+00    0.31070E+02    0.28135E+03    0.18237E-17    0.28794E+03    0.11047E+01    0.12023E+01    0.89776E+02
    0.57715E+00    0.31071E+02    0.28137E+03    0.18252E-17    0.28796E+03    0.11046E+01    0.12023E+01    0.89776E+02
    0.57916E+00    0.31073E+02    0.28139E+03    0.18268E-17    0.28798E+03    0.11046E+01    0.12023E+01    0.89775E+02
    0.58116E+00    0.31075E+02    0.28141E+03    0.18283E-17    0.28800E+03    0.11046E+01    0.12023E+01    0.89775E+02
    0.58317E+00    0.31076E+02    0.28144E+03    0.18299E-17    0.28802E+03    0.11046E+01    0.12023E+01    0.89775E+02
    0.58517E+00    0.31078E+02    0.28146E+03    0.18314E-17    0.28804E+03    0.11046E+01    0.12022E+01    0.89775E+02
    0.58717E+00    0.31080E+02    0.28148E+03    0.18329E-17    0.28806E+03    0.11045E+01    0.12022E+01    0.89775E+02
    0.58918E+00    0.31081E+02    0.28149E+03    0.18344E-17    0.28808E+03    0.11045E+01    0.12022E+01    0.89775E+02
    0.59118E+00    0.31083E+02    0.28151E+03    0.18359E-17    0.28810E+03    0.11045E+01    0.12022E+01    0.89775E+02
    0.59319E+00    0.31085E+02    0.28153E+03    0.18374E-17    0.28812E+03    0.11045E+01    0.12022E+01    0.89774E+02
    0.59519E+00    0.31086E+02    0.28155E+03    0.18389E-17    0.28814E+03    0.11045E+01    0.12021E+01    0.89774E+02
    0.59719E+00    0.31088E+02    0.28157E+03    0.18404E-17    0.28816E+03    0.11045E+01    0.12021E+01    0.89774E+02
    0.59920E+00    0.31089E+02    0.28159E+03    0.18418E-17    0.28818E+03    0.11044E+01    0.12021E+01    0.89774E+02
    0.60120E+00    0.31091E+02    0.28161E+03    0.18433E-17    0.28820E+03    0.11044E+01    0.12021E+01    0.89774E+02
    0.60321E+00    0.31092E+02    0.28163E+03    0.18447E-17    0.28822E+03    0.11044E+01    0.12021E+01    0.89774E+02
    0.60521E+00    0.31094E+02    0.28165E+03    0.18461E-17    0.28824E+03    0.11044E+01    0.12020E+01    0.89774E+02
    0.60721E+00    0.31095E+02    0.28166E+03    0.18475E-17    0.28826E+03    0.11044E+01    0.12020E+01    0.89774E+02
    0.60922E+00    0.31097E+02    0.28168E+03    0.18489E-17    0.28828E+03    0.11043E+01    0.12020E+01    0.89774E+02
    0.61122E+00    0.31098E+02    0.28170E+03    0.18503E-17    0.28829E+03    0.11043E+01    0.12020E+01    0.89773E+02
    0.61323E+00    0.31100E+02    0.28172E+03    0.18517E-17    0.28831E+03    0.11043E+01    0.12020E+01    0.89773E+02
    0.61523E+00    0.31101E+02    0.28173E+03    0.18531E-17    0.28833E+03    0.11043E+01    0.12020E+01    0.89773E+02
    0.61723E+00    0.31103E+02    0.28175E+03    0.18544E-17    0.28835E+03    0.11043E+01    0.12019E+01    0.89773E+02
    0.61924E+00    0.31104E+02    0.28177E+03    0.18558E-17    0.28836E+03    0.11043E+01    0.12019E+01    0.89773E+02
    0.62124E+00    0.31105E+02    0.28178E+03    0.18571E-17    0.28838E+03    0.11042E+01    0.12019E+01    0.89773E+02
    0.62325E+00    0.31107E+02    0.28180E+03    0.18585E-17    0.28840E+03    0.11042E+01    0.12019E+01    0.89773E+02
    0.62525E+00    0.31108E+02    0.28182E+03    0.18598E-17    0.28842E+03    0.11042E+01    0.12019E+01    0.89773E+02
    0.62725E+00    0.31109E+02    0.28183E+03    0.18611E-17    0.28843E+03    0.11042E+01    0.12019E+01    0.89772E+02
    0.62926E+00    0.31111E+02    0.28185E+03    0.18624E-17    0.28845E+03    0.11042E+01    0.12018E+01    0.89772E+02
    0.63126E+00    0.31112E+02    0.28187E+03    0.18637E-17    0.28847E+03    0.11042E+01    0.12018E+01    0.89772E+02
    0.63327E+00    0.31113E+02    0.28188E+03    0.18650E-17    0.28848E+03    0.11041E+01    0.12018E+01    0.89772E+02
    0.63527E+00    0.31115E+02    0.28190E+03    0.18663E-17    0.28850E+03    0.11041E+01    0.12018E+01    0.89772E+02
    0.63727E+00    0.31116E+02    0.28191E+03    0.18676E-17    0.28851E+03    0.11041E+01    0.12018E+01    0.89772E+02
    0.63928E+00    0.31117E+02    0.28193E+03    0.18688E-17    0.28853E+03    0.11041E+01    0.12018E+01    0.89772E+02
    0.64128E+00    0.31118E+02    0.28194E+03    0.18701E-17    0.28855E+03    0.11041E+01    0.12017E+01    0.89772E+02
    0.64329E+00    0.31120E+02    0.28196E+03    0.18713E-17    0.28856E+03    0.11041E+01    0.12017E+01    0.89772E+02
    0.64529E+00    0.31121E+02    0.28198E+03    0.18726E-17    0.28858E+03    0.11041E+01    0.12017E+01    0.89772E+02
    0.64729E+00    0.31122E+02    0.28199E+03    0.18738E-17    0.28859E+03    0.11040E+01    0.12017E+01    0.89771E+02
    0.64930E+00    0.31123E+02    0.28200E+03    0.18750E-17    0.28861E+03    0.11040E+01    0.12017E+01    0.89771E+02
    0.65130E+00    0.31125E+02    0.28202E+03    0.18762E-17    0.28862E+03    0.11040E+01    0.12017E+01    0.89771E+02
    0.65331E+00    0.31126E+02    0.28203E+03    0.18774E-17    0.28864E+03    0.11040E+01    0.12016E+01    0.89771E+02
    0.65531E+00    0.31127E+02    0.28205E+03    0.18786E-17    0.28865E+03    0.11040E+01    0.12016E+01    0.89771E+02
    0.65731E+00    0.31128E+02    0.28206E+03    0.18798E-17    0.28867E+03    0.11040E+01    0.12016E+01    0.89771E+02
    0.65932E+00    0.31129E+02    0.28208E+03    0.18810E-17    0.28868E+03    0.11039E+01    0.12016E+01    0.89771E+02
    0.66132E+00    0.31130E+02    0.28209E+03    0.18821E-17    0.28870E+03    0.11039E+01    0.12016E+01    0.89771E+02
    0.66333E+00    0.31131E+02    0.28210E+03    0.18833E-17    0.28871E+03    0.11039E+01    0.12016E+01    0.89771E+02
    0.66533E+00    0.31133E+02    0.28212E+03    0.18844E-17    0.28872E+03    0.11039E+01    0.12016E+01    0.89771E+02
    0.66733E+00    0.31134E+02    0.28213E+03    0.18856E-17    0.28874E+03    0.11039E+01    0.12015E+01    0.89770E+02
    0.66934E+00    0.31135E+02    0.28215E+03    0.18867E-17    0.28875E+03    0.11039E+01    0.12015E+01    0.89770E+02
    0.67134E+00    0.31136E+02    0.28216E+03    0.18878E-17    0.28877E+03    0.11039E+01    0.12015E+01    0.89770E+02
    0.67335E+00    0.31137E+02    0.28217E+03    0.18889E-17    0.28878E+03    0.11039E+01    0.12015E+01    0.89770E+02
    0.67535E+00    0.31138E+02    0.28218E+03    0.18901E-17    0.28879E+03    0.11038E+01    0.12015E+01    0.89770E+02
    0.67735E+00    0.31139E+02    0.28220E+03    0.18912E-17    0.28881E+03    0.11038E+01    0.12015E+01    0.89770E+02
    0.67936E+00    0.31140E+02    0.28221E+03    0.18923E-17    0.28882E+03    0.11038E+01    0.12015E+01    0.89770E+02
    0.68136E+00    0.31141E+02    0.28222E+03    0.18933E-17    0.28883E+03    0.11038E+01    0.12014E+01    0.89770E+02
    0.68337E+00    0.31142E+02    0.28224E+03    0.18944E-17    0.28885E+03    0.11038E+01    0.12014E+01    0.89770E+02
    0.68537E+00    0.31143E+02    0.28225E+03    0.18955E-17    0.28886E+03    0.11038E+01    0.12014E+01    0.89770E+02
    0.68737E+00    0.31144E+02    0.28226E+03    0.18966E-17    0.28887E+03    0.11038E+01    0.12014E+01    0.89770E+02
    0.68938E+00    0.31145E+02    0.28227E+03    0.18976E-17    0.28888E+03    0.11037E+01    0.12014E+01    0.89769E+02
    0.69138E+00    0.31146E+02    0.28229E+03    0.18987E-17    0.28890E+03    0.11037E+01    0.12014E+01    0.89769E+02
    0.69339E+00    0.31147E+02    0.28230E+03    0.18997E-17    0.28891E+03    0.11037E+01    0.12014E+01    0.89769E+02
    0.69539E+00    0.31148E+02    0.28231E+03    0.19007E-17    0.28892E+03    0.11037E+01    0.12014E+01    0.89769E+02
    0.69739E+00    0.31149E+02    0.28232E+03    0.19018E-17    0.28893E+03    0.11037E+01    0.12013E+01    0.89769E+02
    0.69940E+00    0.31150E+02    0.28233E+03    0.19028E-17    0.28895E+03    0.11037E+01    0.12013E+01    0.89769E+02
    0.70140E+00    0.31151E+02    0.28234E+03    0.19038E-17    0.28896E+03    0.11037E+01    0.12013E+01    0.89769E+02
    0.70341E+00    0.31152E+02    0.28236E+03    0.19048E-17    0.28897E+03    0.11037E+01    0.12013E+01    0.89769E+02
    0.70541E+00    0.31153E+02    0.28237E+03    0.19058E-17    0.28898E+03    0.11036E+01    0.12013E+01    0.89769E+02
    0.70741E+00    0.31154E+02    0.28238E+03    0.19068E-17    0.28899E+03    0.11036E+01    0.12013E+01    0.89769E+02
    0.70942E+00    0.31154E+02    0.28239E+03    0.19078E-17    0.28900E+03    0.11036E+01    0.12013E+01    0.89769E+02
    0.71142E+00    0.31155E+02    0.28240E+03    0.19088E-17    0.28902E+03    0.11036E+01    0.12013E+01    0.89769E+02
    0.71343E+00    0.31156E+02    0.28241E+03    0.19097E-17    0.28903E+03    0.11036E+01    0.12012E+01    0.89768E+02
    0.71543E+00    0.31157E+02    0.28242E+03    0.19107E-17    0.28904E+03    0.11036E+01    0.12012E+01    0.89768E+02
    0.71743E+00    0.31158E+02    0.28243E+03    0.19117E-17    0.28905E+03    0.11036E+01    0.12012E+01    0.89768E+02
    0.71944E+00    0.31159E+02    0.28244E+03    0.19126E-17    0.28906E+03    0.11036E+01    0.12012E+01    0.89768E+02
    0.72144E+00    0.31160E+02    0.28245E+03    0.19136E-17    0.28907E+03    0.11035E+01    0.12012E+01    0.89768E+02
    0.72345E+00    0.31161E+02    0.28247E+03    0.19145E-17    0.28908E+03    0.11035E+01    0.12012E+01    0.89768E+02
    0.72545E+00    0.31161E+02    0.28248E+03    0.19154E-17    0.28909E+03    0.11035E+01    0.12012E+01    0.89768E+02
    0.72745E+00    0.31162E+02    0.28249E+03    0.19164E-17    0.28910E+03    0.11035E+01    0.12012E+01    0.89768E+02
    0.72946E+00    0.31163E+02    0.28250E+03    0.19173E-17    0.28911E+03    0.11035E+01    0.12011E+01    0.89768E+02
    0.73146E+00    0.31164E+02    0.28251E+03    0.19182E-17    0.28913E+03    0.11035E+01    0.12011E+01    0.89768E+02
    0.73347E+00    0.31165E+02    0.28252E+03    0.19191E-17    0.28914E+03    0.11035E+01    0.12011E+01    0.89768E+02
    0.73547E+00    0.31165E+02    0.28253E+03    0.19200E-17    0.28915E+03    0.11035E+01    0.12011E+01    0.89768E+02
    0.73747E+00    0.31166E+02    0.28254E+03    0.19209E-17    0.28916E+03    0.11035E+01    0.12011E+01    0.89768E+02
    0.73948E+00    0.31167E+02    0.28255E+03    0.19218E-17    0.28917E+03    0.11034E+01    0.12011E+01    0.89767E+02
    0.74148E+00    0.31168E+02    0.28256E+03    0.19227E-17    0.28918E+03    0.11034E+01    0.12011E+01    0.89767E+02
    0.74349E+00    0.31168E+02    0.28257E+03    0.19235E-17    0.28919E+03    0.11034E+01    0.12011E+01    0.89767E+02
    0.74549E+00    0.31169E+02    0.28258E+03    0.19244E-17    0.28920E+03    0.11034E+01    0.12011E+01    0.89767E+02
    0.74749E+00    0.31170E+02    0.28258E+03    0.19253E-17    0.28921E+03    0.11034E+01    0.12010E+01    0.89767E+02
    0.74950E+00    0.31171E+02    0.28259E+03    0.19261E-17    0.28922E+03    0.11034E+01    0.12010E+01    0.89767E+02
    0.75150E+00    0.31171E+02    0.28260E+03    0.19270E-17    0.28922E+03    0.11034E+01    0.12010E+01    0.89767E+02
    0.75351E+00    0.31172E+02    0.28261E+03    0.19278E-17    0.28923E+03    0.11034E+01    0.12010E+01    0.89767E+02
    0.75551E+00    0.31173E+02    0.28262E+03    0.19287E-17    0.28924E+03    0.11034E+01    0.12010E+01    0.89767E+02
    0.75752E+00    0.31174E+02    0.28263E+03    0.19295E-17    0.28925E+03    0.11034E+01    0.12010E+01    0.89767E+02
    0.75952E+00    0.31174E+02    0.28264E+03    0.19303E-17    0.28926E+03    0.11033E+01    0.12010E+01    0.89767E+02
    0.76152E+00    0.31175E+02    0.28265E+03    0.19312E-17    0.28927E+03    0.11033E+01    0.12010E+01    0.89767E+02
    0.76353E+00    0.31176E+02    0.28266E+03    0.19320E-17    0.28928E+03    0.11033E+01    0.12010E+01    0.89767E+02
    0.76553E+00    0.31176E+02    0.28267E+03    0.19328E-17    0.28929E+03    0.11033E+01    0.12010E+01    0.89767E+02
    0.76754E+00    0.31177E+02    0.28268E+03    0.19336E-17    0.28930E+03    0.11033E+01    0.12009E+01    0.89766E+02
    0.76954E+00    0.31178E+02    0.28268E+03    0.19344E-17    0.28931E+03    0.11033E+01    0.12009E+01    0.89766E+02
    0.77154E+00    0.31178E+02    0.28269E+03    0.19352E-17    0.28932E+03    0.11033E+01    0.12009E+01    0.89766E+02
    0.77355E+00    0.31179E+02    0.28270E+03    0.19360E-17    0.28933E+03    0.11033E+01    0.12009E+01    0.89766E+02
    0.77555E+00    0.31180E+02    0.28271E+03    0.19368E-17    0.28933E+03    0.11033E+01    0.12009E+01    0.89766E+02
    0.77756E+00    0.31180E+02    0.28272E+03    0.19376E-17    0.28934E+03    0.11033E+01    0.12009E+01    0.89766E+02
    0.77956E+00    0.31181E+02    0.28273E+03    0.19383E-17    0.28935E+03    0.11032E+01    0.12009E+01    0.89766E+02
    0.78156E+00    0.31182E+02    0.28273E+03    0.19391E-17    0.28936E+03    0.11032E+01    0.12009E+01    0.89766E+02
    0.78357E+00    0.31182E+02    0.28274E+03    0.19399E-17    0.28937E+03    0.11032E+01    0.12009E+01    0.89766E+02
    0.78557E+00    0.31183E+02    0.28275E+03    0.19406E-17    0.28938E+03    0.11032E+01    0.12009E+01    0.89766E+02
    0.78758E+00    0.31184E+02    0.28276E+03    0.19414E-17    0.28938E+03    0.11032E+01    0.12008E+01    0.89766E+02
    0.78958E+00    0.31184E+02    0.28277E+03    0.19421E-17    0.28939E+03    0.11032E+01    0.12008E+01    0.89766E+02
    0.79158E+00    0.31185E+02    0.28277E+03    0.19429E-17    0.28940E+03    0.11032E+01    0.12008E+01    0.89766E+02
    0.79359E+00    0.31185E+02    0.28278E+03    0.19436E-17    0.28941E+03    0.11032E+01    0.12008E+01    0.89766E+02
    0.79559E+00    0.31186E+02    0.28279E+03    0.19443E-17    0.28942E+03    0.11032E+01    0.12008E+01    0.89766E+02
    0.79760E+00    0.31187E+02    0.28280E+03    0.19451E-17    0.28942E+03    0.11032E+01    0.12008E+01    0.89766E+02
    0.79960E+00    0.31187E+02    0.28280E+03    0.19458E-17    0.28943E+03    0.11032E+01    0.12008E+01    0.89765E+02
    0.80160E+00    0.31188E+02    0.28281E+03    0.19465E-17    0.28944E+03    0.11031E+01    0.12008E+01    0.89765E+02
    0.80361E+00    0.31188E+02    0.28282E+03    0.19472E-17    0.28945E+03    0.11031E+01    0.12008E+01    0.89765E+02
    0.80561E+00    0.31189E+02    0.28283E+03    0.19479E-17    0.28945E+03    0.11031E+01    0.12008E+01    0.89765E+02
    0.80762E+00    0.31189E+02    0.28283E+03    0.19486E-17    0.28946E+03    0.11031E+01    0.12008E+01    0.89765E+02
    0.80962E+00    0.31190E+02    0.28284E+03    0.19493E-17    0.28947E+03    0.11031E+01    0.12007E+01    0.89765E+02
    0.81162E+00    0.31191E+02    0.28285E+03    0.19500E-17    0.28948E+03    0.11031E+01    0.12007E+01    0.89765E+02
    0.81363E+00    0.31191E+02    0.28286E+03    0.19507E-17    0.28948E+03    0.11031E+01    0.12007E+01    0.89765E+02
    0.81563E+00    0.31192E+02    0.28286E+03    0.19514E-17    0.28949E+03    0.11031E+01    0.12007E+01    0.89765E+02
    0.81764E+00    0.31192E+02    0.28287E+03    0.19521E-17    0.28950E+03    0.11031E+01    0.12007E+01    0.89765E+02
    0.81964E+00    0.31193E+02    0.28288E+03    0.19527E-17    0.28951E+03    0.11031E+01    0.12007E+01    0.89765E+02
    0.82164E+00    0.31193E+02    0.28288E+03    0.19534E-17    0.28951E+03    0.11031E+01    0.12007E+01    0.89765E+02
    0.82365E+00    0.31194E+02    0.28289E+03    0.19541E-17    0.28952E+03    0.11031E+01    0.12007E+01    0.89765E+02
    0.82565E+00    0.31194E+02    0.28290E+03    0.19547E-17    0.28953E+03    0.11031E+01    0.12007E+01    0.89765E+02
    0.82766E+00    0.31195E+02    0.28290E+03    0.19554E-17    0.28953E+03    0.11030E+01    0.12007E+01    0.89765E+02
    0.82966E+00    0.31195E+02    0.28291E+03    0.19561E-17    0.28954E+03    0.11030E+01    0.12007E+01    0.89765E+02
    0.83166E+00    0.31196E+02    0.28292E+03    0.19567E-17    0.28955E+03    0.11030E+01    0.12007E+01    0.89765E+02
    0.83367E+00    0.31196E+02    0.28292E+03    0.19574E-17    0.28955E+03    0.11030E+01    0.12007E+01    0.89765E+02
    0.83567E+00    0.31197E+02    0.28293E+03    0.19580E-17    0.28956E+03    0.11030E+01    0.12006E+01    0.89764E+02
    0.83768E+00    0.31197E+02    0.28294E+03    0.19586E-17    0.28957E+03    0.11030E+01    0.12006E+01    0.89764E+02
    0.83968E+00    0.31198E+02    0.28294E+03    0.19593E-17    0.28957E+03    0.11030E+01    0.12006E+01    0.89764E+02
    0.84168E+00    0.31198E+02    0.28295E+03    0.19599E-17    0.28958E+03    0.11030E+01    0.12006E+01    0.89764E+02
    0.84369E+00    0.31199E+02    0.28296E+03    0.19605E-17    0.28959E+03    0.11030E+01    0.12006E+01    0.89764E+02
    0.84569E+00    0.31199E+02    0.28296E+03    0.19611E-17    0.28959E+03    0.11030E+01    0.12006E+01    0.89764E+02
    0.84770E+00    0.31200E+02    0.28297E+03    0.19617E-17    0.28960E+03    0.11030E+01    0.12006E+01    0.89764E+02
    0.84970E+00    0.31200E+02    0.28297E+03    0.19623E-17    0.28961E+03    0.11030E+01    0.12006E+01    0.89764E+02
    0.85170E+00    0.31201E+02    0.28298E+03    0.19630E-17    0.28961E+03    0.11030E+01    0.12006E+01    0.89764E+02
    0.85371E+00    0.31201E+02    0.28299E+03    0.19636E-17    0.28962E+03    0.11029E+01    0.12006E+01    0.89764E+02
    0.85571E+00    0.31202E+02    0.28299E+03    0.19642E-17    0.28963E+03    0.11029E+01    0.12006E+01    0.89764E+02
    0.85772E+00    0.31202E+02    0.28300E+03    0.19647E-17    0.28963E+03    0.11029E+01    0.12006E+01    0.89764E+02
    0.85972E+00    0.31203E+02    0.28300E+03    0.19653E-17    0.28964E+03    0.11029E+01    0.12006E+01    0.89764E+02
    0.86172E+00    0.31203E+02    0.28301E+03    0.19659E-17    0.28964E+03    0.11029E+01    0.12005E+01    0.89764E+02
    0.86373E+00    0.31203E+02    0.28302E+03    0.19665E-17    0.28965E+03    0.11029E+01    0.12005E+01    0.89764E+02
    0.86573E+00    0.31204E+02    0.28302E+03    0.19671E-17    0.28966E+03    0.11029E+01    0.12005E+01    0.89764E+02
    0.86774E+00    0.31204E+02    0.28303E+03    0.19677E-17    0.28966E+03    0.11029E+01    0.12005E+01    0.89764E+02
    0.86974E+00    0.31205E+02    0.28303E+03    0.19682E-17    0.28967E+03    0.11029E+01    0.12005E+01    0.89764E+02
    0.87174E+00    0.31205E+02    0.28304E+03    0.19688E-17    0.28967E+03    0.11029E+01    0.12005E+01    0.89764E+02
    0.87375E+00    0.31206E+02    0.28304E+03    0.19694E-17    0.28968E+03    0.11029E+01    0.12005E+01    0.89764E+02
    0.87575E+00    0.31206E+02    0.28305E+03    0.19699E-17    0.28968E+03    0.11029E+01    0.12005E+01    0.89764E+02
    0.87776E+00    0.31206E+02    0.28305E+03    0.19705E-17    0.28969E+03    0.11029E+01    0.12005E+01    0.89763E+02
    0.87976E+00    0.31207E+02    0.28306E+03    0.19710E-17    0.28970E+03    0.11029E+01    0.12005E+01    0.89763E+02
    0.88176E+00    0.31207E+02    0.28307E+03    0.19716E-17    0.28970E+03    0.11028E+01    0.12005E+01    0.89763E+02
    0.88377E+00    0.31208E+02    0.28307E+03    0.19721E-17    0.28971E+03    0.11028E+01    0.12005E+01    0.89763E+02
    0.88577E+00    0.31208E+02    0.28308E+03    0.19727E-17    0.28971E+03    0.11028E+01    0.12005E+01    0.89763E+02
    0.88778E+00    0.31208E+02    0.28308E+03    0.19732E-17    0.28972E+03    0.11028E+01    0.12005E+01    0.89763E+02
    0.88978E+00    0.31209E+02    0.28309E+03    0.19737E-17    0.28972E+03    0.11028E+01    0.12005E+01    0.89763E+02
    0.89178E+00    0.31209E+02    0.28309E+03    0.19743E-17    0.28973E+03    0.11028E+01    0.12004E+01    0.89763E+02
    0.89379E+00    0.31210E+02    0.28310E+03    0.19748E-17    0.28973E+03    0.11028E+01    0.12004E+01    0.89763E+02
    0.89579E+00    0.31210E+02    0.28310E+03    0.19753E-17    0.28974E+03    0.11028E+01    0.12004E+01    0.89763E+02
    0.89780E+00    0.31210E+02    0.28311E+03    0.19758E-17    0.28974E+03    0.11028E+01    0.12004E+01    0.89763E+02
    0.89980E+00    0.31211E+02    0.28311E+03    0.19763E-17    0.28975E+03    0.11028E+01    0.12004E+01    0.89763E+02
    0.90180E+00    0.31211E+02    0.28312E+03    0.19769E-17    0.28975E+03    0.11028E+01    0.12004E+01    0.89763E+02
    0.90381E+00    0.31212E+02    0.28312E+03    0.19774E-17    0.28976E+03    0.11028E+01    0.12004E+01    0.89763E+02
    0.90581E+00    0.31212E+02    0.28313E+03    0.19779E-17    0.28976E+03    0.11028E+01    0.12004E+01    0.89763E+02
    0.90782E+00    0.31212E+02    0.28313E+03    0.19784E-17    0.28977E+03    0.11028E+01    0.12004E+01    0.89763E+02
    0.90982E+00    0.31213E+02    0.28314E+03    0.19789E-17    0.28977E+03    0.11028E+01    0.12004E+01    0.89763E+02
    0.91182E+00    0.31213E+02    0.28314E+03    0.19794E-17    0.28978E+03    0.11028E+01    0.12004E+01    0.89763E+02
    0.91383E+00    0.31213E+02    0.28315E+03    0.19799E-17    0.28978E+03    0.11028E+01    0.12004E+01    0.89763E+02
    0.91583E+00    0.31214E+02    0.28315E+03    0.19803E-17    0.28979E+03    0.11027E+01    0.12004E+01    0.89763E+02
    0.91784E+00    0.31214E+02    0.28316E+03    0.19808E-17    0.28979E+03    0.11027E+01    0.12004E+01    0.89763E+02
    0.91984E+00    0.31214E+02    0.28316E+03    0.19813E-17    0.28980E+03    0.11027E+01    0.12004E+01    0.89763E+02
    0.92184E+00    0.31215E+02    0.28316E+03    0.19818E-17    0.28980E+03    0.11027E+01    0.12004E+01    0.89763E+02
    0.92385E+00    0.31215E+02    0.28317E+03    0.19823E-17    0.28981E+03    0.11027E+01    0.12003E+01    0.89763E+02
    0.92585E+00    0.31215E+02    0.28317E+03    0.19827E-17    0.28981E+03    0.11027E+01    0.12003E+01    0.89762E+02
    0.92786E+00    0.31216E+02    0.28318E+03    0.19832E-17    0.28982E+03    0.11027E+01    0.12003E+01    0.89762E+02
    0.92986E+00    0.31216E+02    0.28318E+03    0.19837E-17    0.28982E+03    0.11027E+01    0.12003E+01    0.89762E+02
    0.93186E+00    0.31216E+02    0.28319E+03    0.19841E-17    0.28983E+03    0.11027E+01    0.12003E+01    0.89762E+02
    0.93387E+00    0.31217E+02    0.28319E+03    0.19846E-17    0.28983E+03    0.11027E+01    0.12003E+01    0.89762E+02
    0.93587E+00    0.31217E+02    0.28320E+03    0.19851E-17    0.28983E+03    0.11027E+01    0.12003E+01    0.89762E+02
    0.93788E+00    0.31217E+02    0.28320E+03    0.19855E-17    0.28984E+03    0.11027E+01    0.12003E+01    0.89762E+02
    0.93988E+00    0.31218E+02    0.28320E+03    0.19860E-17    0.28984E+03    0.11027E+01    0.12003E+01    0.89762E+02
    0.94188E+00    0.31218E+02    0.28321E+03    0.19864E-17    0.28985E+03    0.11027E+01    0.12003E+01    0.89762E+02
    0.94389E+00    0.31218E+02    0.28321E+03    0.19869E-17    0.28985E+03    0.11027E+01    0.12003E+01    0.89762E+02
    0.94589E+00    0.31219E+02    0.28322E+03    0.19873E-17    0.28986E+03    0.11027E+01    0.12003E+01    0.89762E+02
    0.94790E+00    0.31219E+02    0.28322E+03    0.19877E-17    0.28986E+03    0.11027E+01    0.12003E+01    0.89762E+02
    0.94990E+00    0.31219E+02    0.28322E+03    0.19882E-17    0.28987E+03    0.11027E+01    0.12003E+01    0.89762E+02
    0.95190E+00    0.31220E+02    0.28323E+03    0.19886E-17    0.28987E+03    0.11026E+01    0.12003E+01    0.89762E+02
    0.95391E+00    0.31220E+02    0.28323E+03    0.19890E-17    0.28987E+03    0.11026E+01    0.12003E+01    0.89762E+02
    0.95591E+00    0.31220E+02    0.28324E+03    0.19895E-17    0.28988E+03    0.11026E+01    0.12003E+01    0.89762E+02
    0.95792E+00    0.31220E+02    0.28324E+03    0.19899E-17    0.28988E+03    0.11026E+01    0.12003E+01    0.89762E+02
    0.95992E+00    0.31221E+02    0.28324E+03    0.19903E-17    0.28989E+03    0.11026E+01    0.12002E+01    0.89762E+02
    0.96192E+00    0.31221E+02    0.28325E+03    0.19907E-17    0.28989E+03    0.11026E+01    0.12002E+01    0.89762E+02
    0.96393E+00    0.31221E+02    0.28325E+03    0.19912E-17    0.28989E+03    0.11026E+01    0.12002E+01    0.89762E+02
    0.96593E+00    0.31222E+02    0.28326E+03    0.19916E-17    0.28990E+03    0.11026E+01    0.12002E+01    0.89762E+02
    0.96794E+00    0.31222E+02    0.28326E+03    0.19920E-17    0.28990E+03    0.11026E+01    0.12002E+01    0.89762E+02
    0.96994E+00    0.31222E+02    0.28326E+03    0.19924E-17    0.28991E+03    0.11026E+01    0.12002E+01    0.89762E+02
    0.97194E+00    0.31222E+02    0.28327E+03    0.19928E-17    0.28991E+03    0.11026E+01    0.12002E+01    0.89762E+02
    0.97395E+00    0.31223E+02    0.28327E+03    0.19932E-17    0.28991E+03    0.11026E+01    0.12002E+01    0.89762E+02
    0.97595E+00    0.31223E+02    0.28328E+03    0.19936E-17    0.28992E+03    0.11026E+01    0.12002E+01    0.89762E+02
    0.97796E+00    0.31223E+02    0.28328E+03    0.19940E-17    0.28992E+03    0.11026E+01    0.12002E+01    0.89762E+02
    0.97996E+00    0.31223E+02    0.28328E+03    0.19944E-17    0.28992E+03    0.11026E+01    0.12002E+01    0.89762E+02
    0.98196E+00    0.31224E+02    0.28329E+03    0.19948E-17    0.28993E+03    0.11026E+01    0.12002E+01    0.89762E+02
    0.98397E+00    0.31224E+02    0.28329E+03    0.19952E-17    0.28993E+03    0.11026E+01    0.12002E+01    0.89761E+02
    0.98597E+00    0.31224E+02    0.28329E+03    0.19956E-17    0.28994E+03    0.11026E+01    0.12002E+01    0.89761E+02
    0.98798E+00    0.31225E+02    0.28330E+03    0.19960E-17    0.28994E+03    0.11026E+01    0.12002E+01    0.89761E+02
    0.98998E+00    0.31225E+02    0.28330E+03    0.19963E-17    0.28994E+03    0.11026E+01    0.12002E+01    0.89761E+02
    0.99198E+00    0.31225E+02    0.28330E+03    0.19967E-17    0.28995E+03    0.11026E+01    0.12002E+01    0.89761E+02
    0.99399E+00    0.31225E+02    0.28331E+03    0.19971E-17    0.28995E+03    0.11025E+01    0.12002E+01    0.89761E+02
    0.99599E+00    0.31226E+02    0.28331E+03    0.19975E-17    0.28995E+03    0.11025E+01    0.12002E+01    0.89761E+02
    0.99800E+00    0.31226E+02    0.28331E+03    0.19978E-17    0.28996E+03    0.11025E+01    0.12002E+01    0.89761E+02
    0.10000E+01    0.31226E+02    0.28332E+03    0.19982E-17    0.28996E+03    0.11025E+01    0.12002E+01    0.89761E+02
 #Jsc:   289.960363151581      W/Vm^{2}
 #Vmax:   1.10253238826990      V
 #Voc:   1.20015354305506      V
 #fr:   1.00000000000000     
 #SLME-max   31.2260184444205      %
 #Thickness:   1.00000000000000      micro m
 #FF   89.7612414783354      %
