 # thickness,pce,jmax,j0,jsc,vmax,voc,ff
    0.00000E+00    0.00000E+00    0.00000E+00    0.00000E+00    0.00000E+00    0.11539E+01    0.11539E+01            NaN
    0.20040E-02    0.27329E+01    0.23950E+02    0.36160E-19    0.24492E+02    0.11415E+01    0.12400E+01    0.90018E+02
    0.40080E-02    0.49353E+01    0.43344E+02    0.72124E-19    0.44327E+02    0.11390E+01    0.12375E+01    0.90002E+02
    0.60120E-02    0.67676E+01    0.59549E+02    0.10789E-18    0.60903E+02    0.11369E+01    0.12353E+01    0.89988E+02
    0.80160E-02    0.83283E+01    0.73405E+02    0.14347E-18    0.75077E+02    0.11350E+01    0.12333E+01    0.89976E+02
    0.10020E-01    0.96812E+01    0.85459E+02    0.17885E-18    0.87408E+02    0.11332E+01    0.12315E+01    0.89965E+02
    0.12024E-01    0.10870E+02    0.96084E+02    0.21404E-18    0.98279E+02    0.11317E+01    0.12299E+01    0.89954E+02
    0.14028E-01    0.11925E+02    0.10555E+03    0.24905E-18    0.10796E+03    0.11302E+01    0.12284E+01    0.89945E+02
    0.16032E-01    0.12870E+02    0.11405E+03    0.28387E-18    0.11666E+03    0.11288E+01    0.12271E+01    0.89936E+02
    0.18036E-01    0.13722E+02    0.12173E+03    0.31851E-18    0.12452E+03    0.11276E+01    0.12258E+01    0.89928E+02
    0.20040E-01    0.14494E+02    0.12872E+03    0.35297E-18    0.13168E+03    0.11264E+01    0.12246E+01    0.89920E+02
    0.22044E-01    0.15199E+02    0.13511E+03    0.38724E-18    0.13822E+03    0.11253E+01    0.12234E+01    0.89913E+02
    0.24048E-01    0.15844E+02    0.14098E+03    0.42134E-18    0.14423E+03    0.11242E+01    0.12223E+01    0.89906E+02
    0.26052E-01    0.16438E+02    0.14639E+03    0.45525E-18    0.14976E+03    0.11232E+01    0.12213E+01    0.89899E+02
    0.28056E-01    0.16985E+02    0.15140E+03    0.48900E-18    0.15489E+03    0.11223E+01    0.12203E+01    0.89893E+02
    0.30060E-01    0.17492E+02    0.15605E+03    0.52257E-18    0.15964E+03    0.11214E+01    0.12194E+01    0.89887E+02
    0.32064E-01    0.17963E+02    0.16037E+03    0.55597E-18    0.16407E+03    0.11205E+01    0.12185E+01    0.89881E+02
    0.34068E-01    0.18402E+02    0.16441E+03    0.58919E-18    0.16821E+03    0.11196E+01    0.12176E+01    0.89876E+02
    0.36072E-01    0.18811E+02    0.16819E+03    0.62225E-18    0.17208E+03    0.11188E+01    0.12168E+01    0.89870E+02
    0.38076E-01    0.19195E+02    0.17174E+03    0.65514E-18    0.17571E+03    0.11181E+01    0.12160E+01    0.89865E+02
    0.40080E-01    0.19554E+02    0.17507E+03    0.68787E-18    0.17912E+03    0.11173E+01    0.12153E+01    0.89860E+02
    0.42084E-01    0.19892E+02    0.17821E+03    0.72043E-18    0.18234E+03    0.11166E+01    0.12145E+01    0.89856E+02
    0.44088E-01    0.20210E+02    0.18117E+03    0.75283E-18    0.18537E+03    0.11159E+01    0.12138E+01    0.89851E+02
    0.46092E-01    0.20510E+02    0.18398E+03    0.78507E-18    0.18824E+03    0.11152E+01    0.12131E+01    0.89846E+02
    0.48096E-01    0.20794E+02    0.18663E+03    0.81715E-18    0.19096E+03    0.11146E+01    0.12125E+01    0.89842E+02
    0.50100E-01    0.21063E+02    0.18915E+03    0.84907E-18    0.19354E+03    0.11139E+01    0.12118E+01    0.89838E+02
    0.52104E-01    0.21318E+02    0.19154E+03    0.88083E-18    0.19599E+03    0.11133E+01    0.12112E+01    0.89834E+02
    0.54108E-01    0.21560E+02    0.19382E+03    0.91244E-18    0.19832E+03    0.11127E+01    0.12106E+01    0.89830E+02
    0.56112E-01    0.21790E+02    0.19599E+03    0.94389E-18    0.20054E+03    0.11122E+01    0.12100E+01    0.89826E+02
    0.58116E-01    0.22009E+02    0.19806E+03    0.97519E-18    0.20266E+03    0.11116E+01    0.12094E+01    0.89822E+02
    0.60120E-01    0.22217E+02    0.20003E+03    0.10063E-17    0.20469E+03    0.11111E+01    0.12089E+01    0.89819E+02
    0.62124E-01    0.22417E+02    0.20192E+03    0.10373E-17    0.20662E+03    0.11105E+01    0.12083E+01    0.89815E+02
    0.64128E-01    0.22607E+02    0.20373E+03    0.10682E-17    0.20848E+03    0.11100E+01    0.12078E+01    0.89812E+02
    0.66132E-01    0.22789E+02    0.20546E+03    0.10989E-17    0.21025E+03    0.11095E+01    0.12073E+01    0.89808E+02
    0.68136E-01    0.22963E+02    0.20713E+03    0.11295E-17    0.21195E+03    0.11090E+01    0.12068E+01    0.89805E+02
    0.70140E-01    0.23130E+02    0.20872E+03    0.11599E-17    0.21359E+03    0.11086E+01    0.12063E+01    0.89802E+02
    0.72144E-01    0.23290E+02    0.21026E+03    0.11901E-17    0.21516E+03    0.11081E+01    0.12058E+01    0.89799E+02
    0.74148E-01    0.23444E+02    0.21173E+03    0.12203E-17    0.21667E+03    0.11076E+01    0.12054E+01    0.89796E+02
    0.76152E-01    0.23592E+02    0.21315E+03    0.12502E-17    0.21813E+03    0.11072E+01    0.12049E+01    0.89793E+02
    0.78156E-01    0.23734E+02    0.21452E+03    0.12801E-17    0.21953E+03    0.11068E+01    0.12045E+01    0.89790E+02
    0.80160E-01    0.23871E+02    0.21584E+03    0.13098E-17    0.22088E+03    0.11063E+01    0.12040E+01    0.89787E+02
    0.82164E-01    0.24002E+02    0.21711E+03    0.13394E-17    0.22218E+03    0.11059E+01    0.12036E+01    0.89784E+02
    0.84168E-01    0.24129E+02    0.21834E+03    0.13688E-17    0.22344E+03    0.11055E+01    0.12032E+01    0.89781E+02
    0.86172E-01    0.24251E+02    0.21952E+03    0.13981E-17    0.22466E+03    0.11051E+01    0.12028E+01    0.89779E+02
    0.88176E-01    0.24369E+02    0.22067E+03    0.14273E-17    0.22583E+03    0.11047E+01    0.12024E+01    0.89776E+02
    0.90180E-01    0.24483E+02    0.22178E+03    0.14563E-17    0.22697E+03    0.11043E+01    0.12020E+01    0.89773E+02
    0.92184E-01    0.24593E+02    0.22285E+03    0.14852E-17    0.22807E+03    0.11040E+01    0.12016E+01    0.89771E+02
    0.94188E-01    0.24700E+02    0.22389E+03    0.15139E-17    0.22913E+03    0.11036E+01    0.12012E+01    0.89768E+02
    0.96192E-01    0.24803E+02    0.22489E+03    0.15426E-17    0.23016E+03    0.11032E+01    0.12009E+01    0.89766E+02
    0.98196E-01    0.24902E+02    0.22587E+03    0.15711E-17    0.23116E+03    0.11029E+01    0.12005E+01    0.89764E+02
    0.10020E+00    0.24999E+02    0.22681E+03    0.15995E-17    0.23213E+03    0.11025E+01    0.12002E+01    0.89761E+02
    0.10220E+00    0.25092E+02    0.22773E+03    0.16277E-17    0.23307E+03    0.11022E+01    0.11998E+01    0.89759E+02
    0.10421E+00    0.25182E+02    0.22862E+03    0.16559E-17    0.23399E+03    0.11019E+01    0.11995E+01    0.89757E+02
    0.10621E+00    0.25270E+02    0.22949E+03    0.16839E-17    0.23487E+03    0.11015E+01    0.11991E+01    0.89754E+02
    0.10822E+00    0.25355E+02    0.23033E+03    0.17117E-17    0.23574E+03    0.11012E+01    0.11988E+01    0.89752E+02
    0.11022E+00    0.25438E+02    0.23114E+03    0.17395E-17    0.23657E+03    0.11009E+01    0.11985E+01    0.89750E+02
    0.11222E+00    0.25518E+02    0.23194E+03    0.17671E-17    0.23739E+03    0.11006E+01    0.11982E+01    0.89748E+02
    0.11423E+00    0.25596E+02    0.23271E+03    0.17947E-17    0.23818E+03    0.11003E+01    0.11978E+01    0.89746E+02
    0.11623E+00    0.25672E+02    0.23346E+03    0.18220E-17    0.23895E+03    0.11000E+01    0.11975E+01    0.89744E+02
    0.11824E+00    0.25745E+02    0.23420E+03    0.18493E-17    0.23970E+03    0.10997E+01    0.11972E+01    0.89742E+02
    0.12024E+00    0.25817E+02    0.23491E+03    0.18765E-17    0.24043E+03    0.10994E+01    0.11969E+01    0.89740E+02
    0.12224E+00    0.25886E+02    0.23560E+03    0.19035E-17    0.24115E+03    0.10991E+01    0.11966E+01    0.89738E+02
    0.12425E+00    0.25954E+02    0.23628E+03    0.19305E-17    0.24184E+03    0.10988E+01    0.11964E+01    0.89736E+02
    0.12625E+00    0.26020E+02    0.23694E+03    0.19573E-17    0.24252E+03    0.10985E+01    0.11961E+01    0.89734E+02
    0.12826E+00    0.26084E+02    0.23759E+03    0.19840E-17    0.24318E+03    0.10983E+01    0.11958E+01    0.89732E+02
    0.13026E+00    0.26147E+02    0.23821E+03    0.20105E-17    0.24382E+03    0.10980E+01    0.11955E+01    0.89730E+02
    0.13226E+00    0.26208E+02    0.23883E+03    0.20370E-17    0.24445E+03    0.10977E+01    0.11952E+01    0.89729E+02
    0.13427E+00    0.26267E+02    0.23943E+03    0.20634E-17    0.24507E+03    0.10975E+01    0.11950E+01    0.89727E+02
    0.13627E+00    0.26325E+02    0.24001E+03    0.20896E-17    0.24566E+03    0.10972E+01    0.11947E+01    0.89725E+02
    0.13828E+00    0.26382E+02    0.24058E+03    0.21158E-17    0.24625E+03    0.10970E+01    0.11945E+01    0.89723E+02
    0.14028E+00    0.26437E+02    0.24114E+03    0.21418E-17    0.24682E+03    0.10967E+01    0.11942E+01    0.89722E+02
    0.14228E+00    0.26491E+02    0.24168E+03    0.21677E-17    0.24738E+03    0.10965E+01    0.11939E+01    0.89720E+02
    0.14429E+00    0.26543E+02    0.24222E+03    0.21935E-17    0.24793E+03    0.10962E+01    0.11937E+01    0.89718E+02
    0.14629E+00    0.26595E+02    0.24274E+03    0.22192E-17    0.24846E+03    0.10960E+01    0.11934E+01    0.89717E+02
    0.14830E+00    0.26645E+02    0.24325E+03    0.22448E-17    0.24899E+03    0.10957E+01    0.11932E+01    0.89715E+02
    0.15030E+00    0.26694E+02    0.24375E+03    0.22703E-17    0.24950E+03    0.10955E+01    0.11930E+01    0.89713E+02
    0.15230E+00    0.26742E+02    0.24424E+03    0.22957E-17    0.25000E+03    0.10953E+01    0.11927E+01    0.89712E+02
    0.15431E+00    0.26788E+02    0.24471E+03    0.23210E-17    0.25049E+03    0.10951E+01    0.11925E+01    0.89710E+02
    0.15631E+00    0.26834E+02    0.24518E+03    0.23462E-17    0.25097E+03    0.10948E+01    0.11923E+01    0.89709E+02
    0.15832E+00    0.26879E+02    0.24564E+03    0.23713E-17    0.25144E+03    0.10946E+01    0.11920E+01    0.89707E+02
    0.16032E+00    0.26923E+02    0.24609E+03    0.23963E-17    0.25190E+03    0.10944E+01    0.11918E+01    0.89706E+02
    0.16232E+00    0.26966E+02    0.24653E+03    0.24211E-17    0.25236E+03    0.10942E+01    0.11916E+01    0.89704E+02
    0.16433E+00    0.27008E+02    0.24696E+03    0.24459E-17    0.25280E+03    0.10940E+01    0.11914E+01    0.89703E+02
    0.16633E+00    0.27049E+02    0.24739E+03    0.24706E-17    0.25323E+03    0.10937E+01    0.11912E+01    0.89701E+02
    0.16834E+00    0.27089E+02    0.24780E+03    0.24952E-17    0.25366E+03    0.10935E+01    0.11910E+01    0.89700E+02
    0.17034E+00    0.27128E+02    0.24821E+03    0.25197E-17    0.25408E+03    0.10933E+01    0.11907E+01    0.89699E+02
    0.17234E+00    0.27167E+02    0.24861E+03    0.25441E-17    0.25449E+03    0.10931E+01    0.11905E+01    0.89697E+02
    0.17435E+00    0.27205E+02    0.24900E+03    0.25684E-17    0.25489E+03    0.10929E+01    0.11903E+01    0.89696E+02
    0.17635E+00    0.27242E+02    0.24938E+03    0.25926E-17    0.25528E+03    0.10927E+01    0.11901E+01    0.89694E+02
    0.17836E+00    0.27278E+02    0.24976E+03    0.26167E-17    0.25567E+03    0.10925E+01    0.11899E+01    0.89693E+02
    0.18036E+00    0.27314E+02    0.25013E+03    0.26407E-17    0.25605E+03    0.10923E+01    0.11897E+01    0.89692E+02
    0.18236E+00    0.27349E+02    0.25050E+03    0.26646E-17    0.25643E+03    0.10922E+01    0.11895E+01    0.89690E+02
    0.18437E+00    0.27383E+02    0.25086E+03    0.26884E-17    0.25679E+03    0.10920E+01    0.11893E+01    0.89689E+02
    0.18637E+00    0.27417E+02    0.25121E+03    0.27121E-17    0.25715E+03    0.10918E+01    0.11892E+01    0.89688E+02
    0.18838E+00    0.27450E+02    0.25155E+03    0.27358E-17    0.25751E+03    0.10916E+01    0.11890E+01    0.89687E+02
    0.19038E+00    0.27482E+02    0.25189E+03    0.27593E-17    0.25786E+03    0.10914E+01    0.11888E+01    0.89685E+02
    0.19238E+00    0.27514E+02    0.25222E+03    0.27828E-17    0.25820E+03    0.10912E+01    0.11886E+01    0.89684E+02
    0.19439E+00    0.27545E+02    0.25255E+03    0.28061E-17    0.25854E+03    0.10911E+01    0.11884E+01    0.89683E+02
    0.19639E+00    0.27576E+02    0.25288E+03    0.28294E-17    0.25887E+03    0.10909E+01    0.11882E+01    0.89682E+02
    0.19840E+00    0.27606E+02    0.25319E+03    0.28526E-17    0.25919E+03    0.10907E+01    0.11881E+01    0.89680E+02
    0.20040E+00    0.27636E+02    0.25350E+03    0.28757E-17    0.25951E+03    0.10905E+01    0.11879E+01    0.89679E+02
    0.20240E+00    0.27665E+02    0.25381E+03    0.28987E-17    0.25983E+03    0.10904E+01    0.11877E+01    0.89678E+02
    0.20441E+00    0.27694E+02    0.25411E+03    0.29216E-17    0.26014E+03    0.10902E+01    0.11875E+01    0.89677E+02
    0.20641E+00    0.27722E+02    0.25441E+03    0.29445E-17    0.26044E+03    0.10900E+01    0.11874E+01    0.89676E+02
    0.20842E+00    0.27750E+02    0.25470E+03    0.29672E-17    0.26075E+03    0.10899E+01    0.11872E+01    0.89675E+02
    0.21042E+00    0.27777E+02    0.25499E+03    0.29899E-17    0.26104E+03    0.10897E+01    0.11870E+01    0.89673E+02
    0.21242E+00    0.27804E+02    0.25528E+03    0.30125E-17    0.26133E+03    0.10895E+01    0.11869E+01    0.89672E+02
    0.21443E+00    0.27830E+02    0.25555E+03    0.30350E-17    0.26162E+03    0.10894E+01    0.11867E+01    0.89671E+02
    0.21643E+00    0.27856E+02    0.25583E+03    0.30574E-17    0.26190E+03    0.10892E+01    0.11865E+01    0.89670E+02
    0.21844E+00    0.27881E+02    0.25610E+03    0.30797E-17    0.26218E+03    0.10891E+01    0.11864E+01    0.89669E+02
    0.22044E+00    0.27906E+02    0.25637E+03    0.31020E-17    0.26245E+03    0.10889E+01    0.11862E+01    0.89668E+02
    0.22244E+00    0.27931E+02    0.25663E+03    0.31241E-17    0.26272E+03    0.10887E+01    0.11861E+01    0.89667E+02
    0.22445E+00    0.27955E+02    0.25689E+03    0.31462E-17    0.26299E+03    0.10886E+01    0.11859E+01    0.89666E+02
    0.22645E+00    0.27979E+02    0.25715E+03    0.31682E-17    0.26325E+03    0.10884E+01    0.11857E+01    0.89665E+02
    0.22846E+00    0.28003E+02    0.25740E+03    0.31902E-17    0.26351E+03    0.10883E+01    0.11856E+01    0.89664E+02
    0.23046E+00    0.28026E+02    0.25765E+03    0.32120E-17    0.26377E+03    0.10881E+01    0.11854E+01    0.89663E+02
    0.23246E+00    0.28049E+02    0.25789E+03    0.32338E-17    0.26402E+03    0.10880E+01    0.11853E+01    0.89662E+02
    0.23447E+00    0.28072E+02    0.25813E+03    0.32555E-17    0.26427E+03    0.10879E+01    0.11851E+01    0.89661E+02
    0.23647E+00    0.28094E+02    0.25837E+03    0.32771E-17    0.26451E+03    0.10877E+01    0.11850E+01    0.89660E+02
    0.23848E+00    0.28116E+02    0.25861E+03    0.32986E-17    0.26475E+03    0.10876E+01    0.11848E+01    0.89659E+02
    0.24048E+00    0.28137E+02    0.25884E+03    0.33200E-17    0.26499E+03    0.10874E+01    0.11847E+01    0.89658E+02
    0.24248E+00    0.28158E+02    0.25907E+03    0.33414E-17    0.26523E+03    0.10873E+01    0.11846E+01    0.89657E+02
    0.24449E+00    0.28179E+02    0.25929E+03    0.33627E-17    0.26546E+03    0.10871E+01    0.11844E+01    0.89656E+02
    0.24649E+00    0.28200E+02    0.25952E+03    0.33839E-17    0.26569E+03    0.10870E+01    0.11843E+01    0.89655E+02
    0.24850E+00    0.28220E+02    0.25974E+03    0.34051E-17    0.26591E+03    0.10869E+01    0.11841E+01    0.89654E+02
    0.25050E+00    0.28241E+02    0.25995E+03    0.34262E-17    0.26614E+03    0.10867E+01    0.11840E+01    0.89653E+02
    0.25251E+00    0.28260E+02    0.26017E+03    0.34472E-17    0.26636E+03    0.10866E+01    0.11839E+01    0.89652E+02
    0.25451E+00    0.28280E+02    0.26038E+03    0.34681E-17    0.26657E+03    0.10865E+01    0.11837E+01    0.89651E+02
    0.25651E+00    0.28299E+02    0.26059E+03    0.34889E-17    0.26679E+03    0.10863E+01    0.11836E+01    0.89650E+02
    0.25852E+00    0.28318E+02    0.26079E+03    0.35097E-17    0.26700E+03    0.10862E+01    0.11835E+01    0.89649E+02
    0.26052E+00    0.28337E+02    0.26100E+03    0.35304E-17    0.26721E+03    0.10861E+01    0.11833E+01    0.89648E+02
    0.26253E+00    0.28356E+02    0.26120E+03    0.35511E-17    0.26742E+03    0.10860E+01    0.11832E+01    0.89648E+02
    0.26453E+00    0.28374E+02    0.26140E+03    0.35716E-17    0.26762E+03    0.10858E+01    0.11831E+01    0.89647E+02
    0.26653E+00    0.28392E+02    0.26160E+03    0.35921E-17    0.26783E+03    0.10857E+01    0.11829E+01    0.89646E+02
    0.26854E+00    0.28410E+02    0.26179E+03    0.36125E-17    0.26803E+03    0.10856E+01    0.11828E+01    0.89645E+02
    0.27054E+00    0.28428E+02    0.26198E+03    0.36329E-17    0.26822E+03    0.10855E+01    0.11827E+01    0.89644E+02
    0.27255E+00    0.28445E+02    0.26217E+03    0.36531E-17    0.26842E+03    0.10853E+01    0.11826E+01    0.89643E+02
    0.27455E+00    0.28462E+02    0.26236E+03    0.36733E-17    0.26861E+03    0.10852E+01    0.11824E+01    0.89642E+02
    0.27655E+00    0.28479E+02    0.26255E+03    0.36935E-17    0.26880E+03    0.10851E+01    0.11823E+01    0.89642E+02
    0.27856E+00    0.28496E+02    0.26273E+03    0.37136E-17    0.26899E+03    0.10850E+01    0.11822E+01    0.89641E+02
    0.28056E+00    0.28512E+02    0.26291E+03    0.37336E-17    0.26918E+03    0.10849E+01    0.11821E+01    0.89640E+02
    0.28257E+00    0.28529E+02    0.26309E+03    0.37535E-17    0.26936E+03    0.10847E+01    0.11820E+01    0.89639E+02
    0.28457E+00    0.28545E+02    0.26327E+03    0.37733E-17    0.26954E+03    0.10846E+01    0.11818E+01    0.89638E+02
    0.28657E+00    0.28561E+02    0.26344E+03    0.37931E-17    0.26972E+03    0.10845E+01    0.11817E+01    0.89638E+02
    0.28858E+00    0.28577E+02    0.26362E+03    0.38129E-17    0.26990E+03    0.10844E+01    0.11816E+01    0.89637E+02
    0.29058E+00    0.28592E+02    0.26379E+03    0.38325E-17    0.27008E+03    0.10843E+01    0.11815E+01    0.89636E+02
    0.29259E+00    0.28608E+02    0.26396E+03    0.38521E-17    0.27025E+03    0.10842E+01    0.11814E+01    0.89635E+02
    0.29459E+00    0.28623E+02    0.26413E+03    0.38717E-17    0.27043E+03    0.10841E+01    0.11813E+01    0.89634E+02
    0.29659E+00    0.28638E+02    0.26429E+03    0.38911E-17    0.27060E+03    0.10839E+01    0.11811E+01    0.89634E+02
    0.29860E+00    0.28653E+02    0.26446E+03    0.39105E-17    0.27077E+03    0.10838E+01    0.11810E+01    0.89633E+02
    0.30060E+00    0.28668E+02    0.26462E+03    0.39299E-17    0.27093E+03    0.10837E+01    0.11809E+01    0.89632E+02
    0.30261E+00    0.28683E+02    0.26478E+03    0.39491E-17    0.27110E+03    0.10836E+01    0.11808E+01    0.89631E+02
    0.30461E+00    0.28697E+02    0.26494E+03    0.39683E-17    0.27126E+03    0.10835E+01    0.11807E+01    0.89631E+02
    0.30661E+00    0.28711E+02    0.26510E+03    0.39875E-17    0.27143E+03    0.10834E+01    0.11806E+01    0.89630E+02
    0.30862E+00    0.28726E+02    0.26526E+03    0.40065E-17    0.27159E+03    0.10833E+01    0.11805E+01    0.89629E+02
    0.31062E+00    0.28740E+02    0.26541E+03    0.40256E-17    0.27175E+03    0.10832E+01    0.11804E+01    0.89628E+02
    0.31263E+00    0.28753E+02    0.26557E+03    0.40445E-17    0.27190E+03    0.10831E+01    0.11803E+01    0.89628E+02
    0.31463E+00    0.28767E+02    0.26572E+03    0.40634E-17    0.27206E+03    0.10830E+01    0.11802E+01    0.89627E+02
    0.31663E+00    0.28781E+02    0.26587E+03    0.40822E-17    0.27222E+03    0.10829E+01    0.11801E+01    0.89626E+02
    0.31864E+00    0.28794E+02    0.26602E+03    0.41010E-17    0.27237E+03    0.10828E+01    0.11799E+01    0.89625E+02
    0.32064E+00    0.28807E+02    0.26616E+03    0.41197E-17    0.27252E+03    0.10827E+01    0.11798E+01    0.89625E+02
    0.32265E+00    0.28821E+02    0.26631E+03    0.41383E-17    0.27267E+03    0.10826E+01    0.11797E+01    0.89624E+02
    0.32465E+00    0.28834E+02    0.26646E+03    0.41569E-17    0.27282E+03    0.10825E+01    0.11796E+01    0.89623E+02
    0.32665E+00    0.28846E+02    0.26660E+03    0.41754E-17    0.27297E+03    0.10824E+01    0.11795E+01    0.89623E+02
    0.32866E+00    0.28859E+02    0.26674E+03    0.41939E-17    0.27311E+03    0.10823E+01    0.11794E+01    0.89622E+02
    0.33066E+00    0.28872E+02    0.26688E+03    0.42123E-17    0.27326E+03    0.10822E+01    0.11793E+01    0.89621E+02
    0.33267E+00    0.28884E+02    0.26702E+03    0.42307E-17    0.27340E+03    0.10821E+01    0.11792E+01    0.89621E+02
    0.33467E+00    0.28897E+02    0.26716E+03    0.42489E-17    0.27354E+03    0.10820E+01    0.11791E+01    0.89620E+02
    0.33667E+00    0.28909E+02    0.26730E+03    0.42672E-17    0.27368E+03    0.10819E+01    0.11790E+01    0.89619E+02
    0.33868E+00    0.28921E+02    0.26743E+03    0.42853E-17    0.27382E+03    0.10818E+01    0.11789E+01    0.89619E+02
    0.34068E+00    0.28933E+02    0.26757E+03    0.43034E-17    0.27396E+03    0.10817E+01    0.11789E+01    0.89618E+02
    0.34269E+00    0.28945E+02    0.26770E+03    0.43215E-17    0.27410E+03    0.10816E+01    0.11788E+01    0.89617E+02
    0.34469E+00    0.28957E+02    0.26783E+03    0.43395E-17    0.27424E+03    0.10815E+01    0.11787E+01    0.89617E+02
    0.34669E+00    0.28969E+02    0.26797E+03    0.43574E-17    0.27437E+03    0.10814E+01    0.11786E+01    0.89616E+02
    0.34870E+00    0.28981E+02    0.26810E+03    0.43753E-17    0.27451E+03    0.10813E+01    0.11785E+01    0.89615E+02
    0.35070E+00    0.28992E+02    0.26823E+03    0.43931E-17    0.27464E+03    0.10813E+01    0.11784E+01    0.89615E+02
    0.35271E+00    0.29004E+02    0.26835E+03    0.44109E-17    0.27477E+03    0.10812E+01    0.11783E+01    0.89614E+02
    0.35471E+00    0.29015E+02    0.26848E+03    0.44286E-17    0.27490E+03    0.10811E+01    0.11782E+01    0.89614E+02
    0.35671E+00    0.29026E+02    0.26861E+03    0.44462E-17    0.27503E+03    0.10810E+01    0.11781E+01    0.89613E+02
    0.35872E+00    0.29037E+02    0.26873E+03    0.44638E-17    0.27516E+03    0.10809E+01    0.11780E+01    0.89612E+02
    0.36072E+00    0.29048E+02    0.26885E+03    0.44814E-17    0.27529E+03    0.10808E+01    0.11779E+01    0.89612E+02
    0.36273E+00    0.29059E+02    0.26898E+03    0.44989E-17    0.27541E+03    0.10807E+01    0.11778E+01    0.89611E+02
    0.36473E+00    0.29070E+02    0.26910E+03    0.45163E-17    0.27554E+03    0.10806E+01    0.11778E+01    0.89611E+02
    0.36673E+00    0.29081E+02    0.26922E+03    0.45337E-17    0.27566E+03    0.10806E+01    0.11777E+01    0.89610E+02
    0.36874E+00    0.29092E+02    0.26934E+03    0.45510E-17    0.27579E+03    0.10805E+01    0.11776E+01    0.89609E+02
    0.37074E+00    0.29102E+02    0.26946E+03    0.45683E-17    0.27591E+03    0.10804E+01    0.11775E+01    0.89609E+02
    0.37275E+00    0.29113E+02    0.26958E+03    0.45855E-17    0.27603E+03    0.10803E+01    0.11774E+01    0.89608E+02
    0.37475E+00    0.29123E+02    0.26969E+03    0.46026E-17    0.27615E+03    0.10802E+01    0.11773E+01    0.89608E+02
    0.37675E+00    0.29133E+02    0.26981E+03    0.46198E-17    0.27627E+03    0.10801E+01    0.11772E+01    0.89607E+02
    0.37876E+00    0.29144E+02    0.26993E+03    0.46368E-17    0.27639E+03    0.10801E+01    0.11772E+01    0.89606E+02
    0.38076E+00    0.29154E+02    0.27004E+03    0.46538E-17    0.27651E+03    0.10800E+01    0.11771E+01    0.89606E+02
    0.38277E+00    0.29164E+02    0.27015E+03    0.46708E-17    0.27662E+03    0.10799E+01    0.11770E+01    0.89605E+02
    0.38477E+00    0.29174E+02    0.27027E+03    0.46877E-17    0.27674E+03    0.10798E+01    0.11769E+01    0.89605E+02
    0.38677E+00    0.29184E+02    0.27038E+03    0.47045E-17    0.27685E+03    0.10797E+01    0.11768E+01    0.89604E+02
    0.38878E+00    0.29194E+02    0.27049E+03    0.47213E-17    0.27697E+03    0.10796E+01    0.11767E+01    0.89604E+02
    0.39078E+00    0.29203E+02    0.27060E+03    0.47380E-17    0.27708E+03    0.10796E+01    0.11767E+01    0.89603E+02
    0.39279E+00    0.29213E+02    0.27071E+03    0.47547E-17    0.27719E+03    0.10795E+01    0.11766E+01    0.89602E+02
    0.39479E+00    0.29223E+02    0.27082E+03    0.47714E-17    0.27731E+03    0.10794E+01    0.11765E+01    0.89602E+02
    0.39679E+00    0.29232E+02    0.27093E+03    0.47880E-17    0.27742E+03    0.10793E+01    0.11764E+01    0.89601E+02
    0.39880E+00    0.29242E+02    0.27103E+03    0.48045E-17    0.27753E+03    0.10793E+01    0.11763E+01    0.89601E+02
    0.40080E+00    0.29251E+02    0.27114E+03    0.48210E-17    0.27764E+03    0.10792E+01    0.11763E+01    0.89600E+02
    0.40281E+00    0.29260E+02    0.27125E+03    0.48374E-17    0.27774E+03    0.10791E+01    0.11762E+01    0.89600E+02
    0.40481E+00    0.29270E+02    0.27135E+03    0.48538E-17    0.27785E+03    0.10790E+01    0.11761E+01    0.89599E+02
    0.40681E+00    0.29279E+02    0.27146E+03    0.48702E-17    0.27796E+03    0.10790E+01    0.11760E+01    0.89599E+02
    0.40882E+00    0.29288E+02    0.27156E+03    0.48865E-17    0.27807E+03    0.10789E+01    0.11760E+01    0.89598E+02
    0.41082E+00    0.29297E+02    0.27166E+03    0.49027E-17    0.27817E+03    0.10788E+01    0.11759E+01    0.89598E+02
    0.41283E+00    0.29306E+02    0.27176E+03    0.49189E-17    0.27828E+03    0.10787E+01    0.11758E+01    0.89597E+02
    0.41483E+00    0.29315E+02    0.27187E+03    0.49350E-17    0.27838E+03    0.10787E+01    0.11757E+01    0.89597E+02
    0.41683E+00    0.29324E+02    0.27197E+03    0.49511E-17    0.27848E+03    0.10786E+01    0.11757E+01    0.89596E+02
    0.41884E+00    0.29333E+02    0.27207E+03    0.49672E-17    0.27859E+03    0.10785E+01    0.11756E+01    0.89596E+02
    0.42084E+00    0.29341E+02    0.27217E+03    0.49832E-17    0.27869E+03    0.10784E+01    0.11755E+01    0.89595E+02
    0.42285E+00    0.29350E+02    0.27226E+03    0.49991E-17    0.27879E+03    0.10784E+01    0.11754E+01    0.89595E+02
    0.42485E+00    0.29359E+02    0.27236E+03    0.50151E-17    0.27889E+03    0.10783E+01    0.11754E+01    0.89594E+02
    0.42685E+00    0.29367E+02    0.27246E+03    0.50309E-17    0.27899E+03    0.10782E+01    0.11753E+01    0.89594E+02
    0.42886E+00    0.29376E+02    0.27256E+03    0.50467E-17    0.27909E+03    0.10782E+01    0.11752E+01    0.89593E+02
    0.43086E+00    0.29384E+02    0.27265E+03    0.50625E-17    0.27919E+03    0.10781E+01    0.11751E+01    0.89593E+02
    0.43287E+00    0.29393E+02    0.27275E+03    0.50782E-17    0.27929E+03    0.10780E+01    0.11751E+01    0.89592E+02
    0.43487E+00    0.29401E+02    0.27284E+03    0.50939E-17    0.27939E+03    0.10779E+01    0.11750E+01    0.89592E+02
    0.43687E+00    0.29409E+02    0.27294E+03    0.51095E-17    0.27948E+03    0.10779E+01    0.11749E+01    0.89591E+02
    0.43888E+00    0.29418E+02    0.27303E+03    0.51251E-17    0.27958E+03    0.10778E+01    0.11749E+01    0.89591E+02
    0.44088E+00    0.29426E+02    0.27312E+03    0.51406E-17    0.27968E+03    0.10777E+01    0.11748E+01    0.89590E+02
    0.44289E+00    0.29434E+02    0.27322E+03    0.51561E-17    0.27977E+03    0.10777E+01    0.11747E+01    0.89590E+02
    0.44489E+00    0.29442E+02    0.27331E+03    0.51715E-17    0.27987E+03    0.10776E+01    0.11747E+01    0.89589E+02
    0.44689E+00    0.29450E+02    0.27340E+03    0.51869E-17    0.27996E+03    0.10775E+01    0.11746E+01    0.89589E+02
    0.44890E+00    0.29458E+02    0.27349E+03    0.52023E-17    0.28005E+03    0.10775E+01    0.11745E+01    0.89588E+02
    0.45090E+00    0.29466E+02    0.27358E+03    0.52176E-17    0.28015E+03    0.10774E+01    0.11745E+01    0.89588E+02
    0.45291E+00    0.29474E+02    0.27367E+03    0.52329E-17    0.28024E+03    0.10773E+01    0.11744E+01    0.89587E+02
    0.45491E+00    0.29482E+02    0.27376E+03    0.52481E-17    0.28033E+03    0.10773E+01    0.11743E+01    0.89587E+02
    0.45691E+00    0.29490E+02    0.27385E+03    0.52633E-17    0.28042E+03    0.10772E+01    0.11743E+01    0.89587E+02
    0.45892E+00    0.29497E+02    0.27394E+03    0.52784E-17    0.28051E+03    0.10772E+01    0.11742E+01    0.89586E+02
    0.46092E+00    0.29505E+02    0.27403E+03    0.52935E-17    0.28060E+03    0.10771E+01    0.11741E+01    0.89586E+02
    0.46293E+00    0.29513E+02    0.27411E+03    0.53085E-17    0.28069E+03    0.10770E+01    0.11741E+01    0.89585E+02
    0.46493E+00    0.29520E+02    0.27420E+03    0.53235E-17    0.28078E+03    0.10770E+01    0.11740E+01    0.89585E+02
    0.46693E+00    0.29528E+02    0.27429E+03    0.53385E-17    0.28087E+03    0.10769E+01    0.11739E+01    0.89584E+02
    0.46894E+00    0.29535E+02    0.27437E+03    0.53534E-17    0.28096E+03    0.10768E+01    0.11739E+01    0.89584E+02
    0.47094E+00    0.29543E+02    0.27446E+03    0.53683E-17    0.28105E+03    0.10768E+01    0.11738E+01    0.89583E+02
    0.47295E+00    0.29550E+02    0.27454E+03    0.53831E-17    0.28113E+03    0.10767E+01    0.11737E+01    0.89583E+02
    0.47495E+00    0.29558E+02    0.27463E+03    0.53979E-17    0.28122E+03    0.10767E+01    0.11737E+01    0.89583E+02
    0.47695E+00    0.29565E+02    0.27471E+03    0.54126E-17    0.28131E+03    0.10766E+01    0.11736E+01    0.89582E+02
    0.47896E+00    0.29572E+02    0.27479E+03    0.54273E-17    0.28139E+03    0.10765E+01    0.11735E+01    0.89582E+02
    0.48096E+00    0.29579E+02    0.27488E+03    0.54420E-17    0.28148E+03    0.10765E+01    0.11735E+01    0.89581E+02
    0.48297E+00    0.29587E+02    0.27496E+03    0.54566E-17    0.28156E+03    0.10764E+01    0.11734E+01    0.89581E+02
    0.48497E+00    0.29594E+02    0.27504E+03    0.54712E-17    0.28165E+03    0.10763E+01    0.11734E+01    0.89580E+02
    0.48697E+00    0.29601E+02    0.27512E+03    0.54857E-17    0.28173E+03    0.10763E+01    0.11733E+01    0.89580E+02
    0.48898E+00    0.29608E+02    0.27520E+03    0.55002E-17    0.28181E+03    0.10762E+01    0.11732E+01    0.89580E+02
    0.49098E+00    0.29615E+02    0.27528E+03    0.55146E-17    0.28190E+03    0.10762E+01    0.11732E+01    0.89579E+02
    0.49299E+00    0.29622E+02    0.27536E+03    0.55291E-17    0.28198E+03    0.10761E+01    0.11731E+01    0.89579E+02
    0.49499E+00    0.29629E+02    0.27544E+03    0.55434E-17    0.28206E+03    0.10761E+01    0.11731E+01    0.89578E+02
    0.49699E+00    0.29636E+02    0.27552E+03    0.55578E-17    0.28214E+03    0.10760E+01    0.11730E+01    0.89578E+02
    0.49900E+00    0.29643E+02    0.27560E+03    0.55720E-17    0.28222E+03    0.10759E+01    0.11729E+01    0.89577E+02
    0.50100E+00    0.29650E+02    0.27568E+03    0.55863E-17    0.28230E+03    0.10759E+01    0.11729E+01    0.89577E+02
    0.50301E+00    0.29657E+02    0.27576E+03    0.56005E-17    0.28238E+03    0.10758E+01    0.11728E+01    0.89577E+02
    0.50501E+00    0.29663E+02    0.27584E+03    0.56147E-17    0.28246E+03    0.10758E+01    0.11728E+01    0.89576E+02
    0.50701E+00    0.29670E+02    0.27591E+03    0.56288E-17    0.28254E+03    0.10757E+01    0.11727E+01    0.89576E+02
    0.50902E+00    0.29677E+02    0.27599E+03    0.56429E-17    0.28262E+03    0.10757E+01    0.11727E+01    0.89576E+02
    0.51102E+00    0.29684E+02    0.27607E+03    0.56569E-17    0.28270E+03    0.10756E+01    0.11726E+01    0.89575E+02
    0.51303E+00    0.29690E+02    0.27614E+03    0.56709E-17    0.28278E+03    0.10755E+01    0.11725E+01    0.89575E+02
    0.51503E+00    0.29697E+02    0.27622E+03    0.56849E-17    0.28286E+03    0.10755E+01    0.11725E+01    0.89574E+02
    0.51703E+00    0.29703E+02    0.27629E+03    0.56988E-17    0.28293E+03    0.10754E+01    0.11724E+01    0.89574E+02
    0.51904E+00    0.29710E+02    0.27637E+03    0.57127E-17    0.28301E+03    0.10754E+01    0.11724E+01    0.89574E+02
    0.52104E+00    0.29716E+02    0.27644E+03    0.57266E-17    0.28309E+03    0.10753E+01    0.11723E+01    0.89573E+02
    0.52305E+00    0.29723E+02    0.27652E+03    0.57404E-17    0.28316E+03    0.10753E+01    0.11723E+01    0.89573E+02
    0.52505E+00    0.29729E+02    0.27659E+03    0.57542E-17    0.28324E+03    0.10752E+01    0.11722E+01    0.89572E+02
    0.52705E+00    0.29736E+02    0.27666E+03    0.57679E-17    0.28332E+03    0.10752E+01    0.11721E+01    0.89572E+02
    0.52906E+00    0.29742E+02    0.27674E+03    0.57816E-17    0.28339E+03    0.10751E+01    0.11721E+01    0.89572E+02
    0.53106E+00    0.29748E+02    0.27681E+03    0.57953E-17    0.28347E+03    0.10751E+01    0.11720E+01    0.89571E+02
    0.53307E+00    0.29755E+02    0.27688E+03    0.58089E-17    0.28354E+03    0.10750E+01    0.11720E+01    0.89571E+02
    0.53507E+00    0.29761E+02    0.27695E+03    0.58225E-17    0.28361E+03    0.10750E+01    0.11719E+01    0.89571E+02
    0.53707E+00    0.29767E+02    0.27702E+03    0.58360E-17    0.28369E+03    0.10749E+01    0.11719E+01    0.89570E+02
    0.53908E+00    0.29773E+02    0.27710E+03    0.58496E-17    0.28376E+03    0.10748E+01    0.11718E+01    0.89570E+02
    0.54108E+00    0.29780E+02    0.27717E+03    0.58630E-17    0.28383E+03    0.10748E+01    0.11718E+01    0.89569E+02
    0.54309E+00    0.29786E+02    0.27724E+03    0.58765E-17    0.28391E+03    0.10747E+01    0.11717E+01    0.89569E+02
    0.54509E+00    0.29792E+02    0.27731E+03    0.58899E-17    0.28398E+03    0.10747E+01    0.11717E+01    0.89569E+02
    0.54709E+00    0.29798E+02    0.27738E+03    0.59032E-17    0.28405E+03    0.10746E+01    0.11716E+01    0.89568E+02
    0.54910E+00    0.29804E+02    0.27745E+03    0.59166E-17    0.28412E+03    0.10746E+01    0.11716E+01    0.89568E+02
    0.55110E+00    0.29810E+02    0.27752E+03    0.59298E-17    0.28419E+03    0.10745E+01    0.11715E+01    0.89568E+02
    0.55311E+00    0.29816E+02    0.27759E+03    0.59431E-17    0.28426E+03    0.10745E+01    0.11715E+01    0.89567E+02
    0.55511E+00    0.29822E+02    0.27765E+03    0.59563E-17    0.28433E+03    0.10744E+01    0.11714E+01    0.89567E+02
    0.55711E+00    0.29828E+02    0.27772E+03    0.59695E-17    0.28440E+03    0.10744E+01    0.11714E+01    0.89567E+02
    0.55912E+00    0.29834E+02    0.27779E+03    0.59826E-17    0.28447E+03    0.10743E+01    0.11713E+01    0.89566E+02
    0.56112E+00    0.29840E+02    0.27786E+03    0.59958E-17    0.28454E+03    0.10743E+01    0.11713E+01    0.89566E+02
    0.56313E+00    0.29846E+02    0.27793E+03    0.60088E-17    0.28461E+03    0.10742E+01    0.11712E+01    0.89566E+02
    0.56513E+00    0.29852E+02    0.27799E+03    0.60219E-17    0.28468E+03    0.10742E+01    0.11712E+01    0.89565E+02
    0.56713E+00    0.29857E+02    0.27806E+03    0.60349E-17    0.28475E+03    0.10741E+01    0.11711E+01    0.89565E+02
    0.56914E+00    0.29863E+02    0.27813E+03    0.60478E-17    0.28482E+03    0.10741E+01    0.11711E+01    0.89565E+02
    0.57114E+00    0.29869E+02    0.27819E+03    0.60608E-17    0.28489E+03    0.10741E+01    0.11710E+01    0.89564E+02
    0.57315E+00    0.29875E+02    0.27826E+03    0.60737E-17    0.28496E+03    0.10740E+01    0.11710E+01    0.89564E+02
    0.57515E+00    0.29880E+02    0.27832E+03    0.60865E-17    0.28502E+03    0.10740E+01    0.11709E+01    0.89564E+02
    0.57715E+00    0.29886E+02    0.27839E+03    0.60994E-17    0.28509E+03    0.10739E+01    0.11709E+01    0.89563E+02
    0.57916E+00    0.29892E+02    0.27845E+03    0.61122E-17    0.28516E+03    0.10739E+01    0.11708E+01    0.89563E+02
    0.58116E+00    0.29897E+02    0.27852E+03    0.61249E-17    0.28522E+03    0.10738E+01    0.11708E+01    0.89563E+02
    0.58317E+00    0.29903E+02    0.27858E+03    0.61376E-17    0.28529E+03    0.10738E+01    0.11707E+01    0.89562E+02
    0.58517E+00    0.29909E+02    0.27865E+03    0.61503E-17    0.28535E+03    0.10737E+01    0.11707E+01    0.89562E+02
    0.58717E+00    0.29914E+02    0.27871E+03    0.61630E-17    0.28542E+03    0.10737E+01    0.11706E+01    0.89562E+02
    0.58918E+00    0.29920E+02    0.27877E+03    0.61756E-17    0.28549E+03    0.10736E+01    0.11706E+01    0.89561E+02
    0.59118E+00    0.29925E+02    0.27884E+03    0.61882E-17    0.28555E+03    0.10736E+01    0.11705E+01    0.89561E+02
    0.59319E+00    0.29931E+02    0.27890E+03    0.62008E-17    0.28562E+03    0.10735E+01    0.11705E+01    0.89561E+02
    0.59519E+00    0.29936E+02    0.27896E+03    0.62133E-17    0.28568E+03    0.10735E+01    0.11704E+01    0.89560E+02
    0.59719E+00    0.29942E+02    0.27902E+03    0.62258E-17    0.28574E+03    0.10734E+01    0.11704E+01    0.89560E+02
    0.59920E+00    0.29947E+02    0.27909E+03    0.62382E-17    0.28581E+03    0.10734E+01    0.11703E+01    0.89560E+02
    0.60120E+00    0.29952E+02    0.27915E+03    0.62506E-17    0.28587E+03    0.10734E+01    0.11703E+01    0.89559E+02
    0.60321E+00    0.29958E+02    0.27921E+03    0.62630E-17    0.28594E+03    0.10733E+01    0.11703E+01    0.89559E+02
    0.60521E+00    0.29963E+02    0.27927E+03    0.62754E-17    0.28600E+03    0.10733E+01    0.11702E+01    0.89559E+02
    0.60721E+00    0.29969E+02    0.27933E+03    0.62877E-17    0.28606E+03    0.10732E+01    0.11702E+01    0.89558E+02
    0.60922E+00    0.29974E+02    0.27939E+03    0.63000E-17    0.28612E+03    0.10732E+01    0.11701E+01    0.89558E+02
    0.61122E+00    0.29979E+02    0.27945E+03    0.63123E-17    0.28619E+03    0.10731E+01    0.11701E+01    0.89558E+02
    0.61323E+00    0.29984E+02    0.27951E+03    0.63245E-17    0.28625E+03    0.10731E+01    0.11700E+01    0.89557E+02
    0.61523E+00    0.29990E+02    0.27957E+03    0.63367E-17    0.28631E+03    0.10731E+01    0.11700E+01    0.89557E+02
    0.61723E+00    0.29995E+02    0.27963E+03    0.63488E-17    0.28637E+03    0.10730E+01    0.11699E+01    0.89557E+02
    0.61924E+00    0.30000E+02    0.27969E+03    0.63610E-17    0.28643E+03    0.10730E+01    0.11699E+01    0.89557E+02
    0.62124E+00    0.30005E+02    0.27975E+03    0.63731E-17    0.28649E+03    0.10729E+01    0.11699E+01    0.89556E+02
    0.62325E+00    0.30010E+02    0.27981E+03    0.63851E-17    0.28655E+03    0.10729E+01    0.11698E+01    0.89556E+02
    0.62525E+00    0.30015E+02    0.27987E+03    0.63972E-17    0.28661E+03    0.10728E+01    0.11698E+01    0.89556E+02
    0.62725E+00    0.30021E+02    0.27993E+03    0.64092E-17    0.28667E+03    0.10728E+01    0.11697E+01    0.89555E+02
    0.62926E+00    0.30026E+02    0.27999E+03    0.64211E-17    0.28674E+03    0.10728E+01    0.11697E+01    0.89555E+02
    0.63126E+00    0.30031E+02    0.28005E+03    0.64331E-17    0.28679E+03    0.10727E+01    0.11696E+01    0.89555E+02
    0.63327E+00    0.30036E+02    0.28010E+03    0.64450E-17    0.28685E+03    0.10727E+01    0.11696E+01    0.89554E+02
    0.63527E+00    0.30041E+02    0.28016E+03    0.64568E-17    0.28691E+03    0.10726E+01    0.11696E+01    0.89554E+02
    0.63727E+00    0.30046E+02    0.28022E+03    0.64687E-17    0.28697E+03    0.10726E+01    0.11695E+01    0.89554E+02
    0.63928E+00    0.30051E+02    0.28028E+03    0.64805E-17    0.28703E+03    0.10726E+01    0.11695E+01    0.89554E+02
    0.64128E+00    0.30056E+02    0.28033E+03    0.64923E-17    0.28709E+03    0.10725E+01    0.11694E+01    0.89553E+02
    0.64329E+00    0.30061E+02    0.28039E+03    0.65040E-17    0.28715E+03    0.10725E+01    0.11694E+01    0.89553E+02
    0.64529E+00    0.30066E+02    0.28045E+03    0.65157E-17    0.28721E+03    0.10724E+01    0.11694E+01    0.89553E+02
    0.64729E+00    0.30071E+02    0.28050E+03    0.65274E-17    0.28726E+03    0.10724E+01    0.11693E+01    0.89552E+02
    0.64930E+00    0.30075E+02    0.28056E+03    0.65391E-17    0.28732E+03    0.10723E+01    0.11693E+01    0.89552E+02
    0.65130E+00    0.30080E+02    0.28061E+03    0.65507E-17    0.28738E+03    0.10723E+01    0.11692E+01    0.89552E+02
    0.65331E+00    0.30085E+02    0.28067E+03    0.65623E-17    0.28744E+03    0.10723E+01    0.11692E+01    0.89552E+02
    0.65531E+00    0.30090E+02    0.28073E+03    0.65739E-17    0.28749E+03    0.10722E+01    0.11691E+01    0.89551E+02
    0.65731E+00    0.30095E+02    0.28078E+03    0.65854E-17    0.28755E+03    0.10722E+01    0.11691E+01    0.89551E+02
    0.65932E+00    0.30100E+02    0.28084E+03    0.65969E-17    0.28761E+03    0.10722E+01    0.11691E+01    0.89551E+02
    0.66132E+00    0.30104E+02    0.28089E+03    0.66084E-17    0.28766E+03    0.10721E+01    0.11690E+01    0.89550E+02
    0.66333E+00    0.30109E+02    0.28094E+03    0.66198E-17    0.28772E+03    0.10721E+01    0.11690E+01    0.89550E+02
    0.66533E+00    0.30114E+02    0.28100E+03    0.66313E-17    0.28777E+03    0.10720E+01    0.11689E+01    0.89550E+02
    0.66733E+00    0.30119E+02    0.28105E+03    0.66427E-17    0.28783E+03    0.10720E+01    0.11689E+01    0.89550E+02
    0.66934E+00    0.30123E+02    0.28111E+03    0.66540E-17    0.28789E+03    0.10720E+01    0.11689E+01    0.89549E+02
    0.67134E+00    0.30128E+02    0.28116E+03    0.66653E-17    0.28794E+03    0.10719E+01    0.11688E+01    0.89549E+02
    0.67335E+00    0.30133E+02    0.28121E+03    0.66766E-17    0.28800E+03    0.10719E+01    0.11688E+01    0.89549E+02
    0.67535E+00    0.30137E+02    0.28127E+03    0.66879E-17    0.28805E+03    0.10718E+01    0.11688E+01    0.89549E+02
    0.67735E+00    0.30142E+02    0.28132E+03    0.66991E-17    0.28811E+03    0.10718E+01    0.11687E+01    0.89548E+02
    0.67936E+00    0.30146E+02    0.28137E+03    0.67104E-17    0.28816E+03    0.10718E+01    0.11687E+01    0.89548E+02
    0.68136E+00    0.30151E+02    0.28143E+03    0.67215E-17    0.28821E+03    0.10717E+01    0.11686E+01    0.89548E+02
    0.68337E+00    0.30156E+02    0.28148E+03    0.67327E-17    0.28827E+03    0.10717E+01    0.11686E+01    0.89548E+02
    0.68537E+00    0.30160E+02    0.28153E+03    0.67438E-17    0.28832E+03    0.10717E+01    0.11686E+01    0.89547E+02
    0.68737E+00    0.30165E+02    0.28158E+03    0.67549E-17    0.28838E+03    0.10716E+01    0.11685E+01    0.89547E+02
    0.68938E+00    0.30169E+02    0.28163E+03    0.67660E-17    0.28843E+03    0.10716E+01    0.11685E+01    0.89547E+02
    0.69138E+00    0.30174E+02    0.28169E+03    0.67770E-17    0.28848E+03    0.10715E+01    0.11684E+01    0.89546E+02
    0.69339E+00    0.30178E+02    0.28174E+03    0.67880E-17    0.28853E+03    0.10715E+01    0.11684E+01    0.89546E+02
    0.69539E+00    0.30183E+02    0.28179E+03    0.67990E-17    0.28859E+03    0.10715E+01    0.11684E+01    0.89546E+02
    0.69739E+00    0.30187E+02    0.28184E+03    0.68100E-17    0.28864E+03    0.10714E+01    0.11683E+01    0.89546E+02
    0.69940E+00    0.30192E+02    0.28189E+03    0.68209E-17    0.28869E+03    0.10714E+01    0.11683E+01    0.89545E+02
    0.70140E+00    0.30196E+02    0.28194E+03    0.68318E-17    0.28874E+03    0.10714E+01    0.11683E+01    0.89545E+02
    0.70341E+00    0.30200E+02    0.28199E+03    0.68427E-17    0.28880E+03    0.10713E+01    0.11682E+01    0.89545E+02
    0.70541E+00    0.30205E+02    0.28204E+03    0.68535E-17    0.28885E+03    0.10713E+01    0.11682E+01    0.89545E+02
    0.70741E+00    0.30209E+02    0.28209E+03    0.68643E-17    0.28890E+03    0.10713E+01    0.11682E+01    0.89544E+02
    0.70942E+00    0.30214E+02    0.28214E+03    0.68751E-17    0.28895E+03    0.10712E+01    0.11681E+01    0.89544E+02
    0.71142E+00    0.30218E+02    0.28219E+03    0.68859E-17    0.28900E+03    0.10712E+01    0.11681E+01    0.89544E+02
    0.71343E+00    0.30222E+02    0.28224E+03    0.68966E-17    0.28905E+03    0.10712E+01    0.11680E+01    0.89544E+02
    0.71543E+00    0.30227E+02    0.28229E+03    0.69073E-17    0.28910E+03    0.10711E+01    0.11680E+01    0.89543E+02
    0.71743E+00    0.30231E+02    0.28234E+03    0.69180E-17    0.28916E+03    0.10711E+01    0.11680E+01    0.89543E+02
    0.71944E+00    0.30235E+02    0.28239E+03    0.69287E-17    0.28921E+03    0.10711E+01    0.11679E+01    0.89543E+02
    0.72144E+00    0.30239E+02    0.28244E+03    0.69393E-17    0.28926E+03    0.10710E+01    0.11679E+01    0.89543E+02
    0.72345E+00    0.30244E+02    0.28249E+03    0.69499E-17    0.28931E+03    0.10710E+01    0.11679E+01    0.89542E+02
    0.72545E+00    0.30248E+02    0.28254E+03    0.69605E-17    0.28936E+03    0.10709E+01    0.11678E+01    0.89542E+02
    0.72745E+00    0.30252E+02    0.28258E+03    0.69710E-17    0.28941E+03    0.10709E+01    0.11678E+01    0.89542E+02
    0.72946E+00    0.30256E+02    0.28263E+03    0.69815E-17    0.28946E+03    0.10709E+01    0.11678E+01    0.89542E+02
    0.73146E+00    0.30260E+02    0.28268E+03    0.69920E-17    0.28950E+03    0.10708E+01    0.11677E+01    0.89541E+02
    0.73347E+00    0.30265E+02    0.28273E+03    0.70025E-17    0.28955E+03    0.10708E+01    0.11677E+01    0.89541E+02
    0.73547E+00    0.30269E+02    0.28278E+03    0.70129E-17    0.28960E+03    0.10708E+01    0.11677E+01    0.89541E+02
    0.73747E+00    0.30273E+02    0.28282E+03    0.70233E-17    0.28965E+03    0.10707E+01    0.11676E+01    0.89541E+02
    0.73948E+00    0.30277E+02    0.28287E+03    0.70337E-17    0.28970E+03    0.10707E+01    0.11676E+01    0.89541E+02
    0.74148E+00    0.30281E+02    0.28292E+03    0.70441E-17    0.28975E+03    0.10707E+01    0.11676E+01    0.89540E+02
    0.74349E+00    0.30285E+02    0.28297E+03    0.70544E-17    0.28980E+03    0.10706E+01    0.11675E+01    0.89540E+02
    0.74549E+00    0.30289E+02    0.28301E+03    0.70647E-17    0.28985E+03    0.10706E+01    0.11675E+01    0.89540E+02
    0.74749E+00    0.30293E+02    0.28306E+03    0.70750E-17    0.28989E+03    0.10706E+01    0.11675E+01    0.89540E+02
    0.74950E+00    0.30298E+02    0.28311E+03    0.70852E-17    0.28994E+03    0.10706E+01    0.11674E+01    0.89539E+02
    0.75150E+00    0.30302E+02    0.28315E+03    0.70955E-17    0.28999E+03    0.10705E+01    0.11674E+01    0.89539E+02
    0.75351E+00    0.30306E+02    0.28320E+03    0.71057E-17    0.29004E+03    0.10705E+01    0.11674E+01    0.89539E+02
    0.75551E+00    0.30310E+02    0.28324E+03    0.71158E-17    0.29008E+03    0.10705E+01    0.11673E+01    0.89539E+02
    0.75752E+00    0.30314E+02    0.28329E+03    0.71260E-17    0.29013E+03    0.10704E+01    0.11673E+01    0.89538E+02
    0.75952E+00    0.30318E+02    0.28334E+03    0.71361E-17    0.29018E+03    0.10704E+01    0.11673E+01    0.89538E+02
    0.76152E+00    0.30322E+02    0.28338E+03    0.71462E-17    0.29023E+03    0.10704E+01    0.11672E+01    0.89538E+02
    0.76353E+00    0.30326E+02    0.28343E+03    0.71563E-17    0.29027E+03    0.10703E+01    0.11672E+01    0.89538E+02
    0.76553E+00    0.30330E+02    0.28347E+03    0.71664E-17    0.29032E+03    0.10703E+01    0.11672E+01    0.89538E+02
    0.76754E+00    0.30333E+02    0.28352E+03    0.71764E-17    0.29036E+03    0.10703E+01    0.11671E+01    0.89537E+02
    0.76954E+00    0.30337E+02    0.28356E+03    0.71864E-17    0.29041E+03    0.10702E+01    0.11671E+01    0.89537E+02
    0.77154E+00    0.30341E+02    0.28361E+03    0.71964E-17    0.29046E+03    0.10702E+01    0.11671E+01    0.89537E+02
    0.77355E+00    0.30345E+02    0.28365E+03    0.72063E-17    0.29050E+03    0.10702E+01    0.11670E+01    0.89537E+02
    0.77555E+00    0.30349E+02    0.28370E+03    0.72162E-17    0.29055E+03    0.10701E+01    0.11670E+01    0.89536E+02
    0.77756E+00    0.30353E+02    0.28374E+03    0.72261E-17    0.29059E+03    0.10701E+01    0.11670E+01    0.89536E+02
    0.77956E+00    0.30357E+02    0.28378E+03    0.72360E-17    0.29064E+03    0.10701E+01    0.11669E+01    0.89536E+02
    0.78156E+00    0.30361E+02    0.28383E+03    0.72459E-17    0.29069E+03    0.10701E+01    0.11669E+01    0.89536E+02
    0.78357E+00    0.30365E+02    0.28387E+03    0.72557E-17    0.29073E+03    0.10700E+01    0.11669E+01    0.89536E+02
    0.78557E+00    0.30368E+02    0.28392E+03    0.72655E-17    0.29078E+03    0.10700E+01    0.11669E+01    0.89535E+02
    0.78758E+00    0.30372E+02    0.28396E+03    0.72753E-17    0.29082E+03    0.10700E+01    0.11668E+01    0.89535E+02
    0.78958E+00    0.30376E+02    0.28400E+03    0.72850E-17    0.29086E+03    0.10699E+01    0.11668E+01    0.89535E+02
    0.79158E+00    0.30380E+02    0.28405E+03    0.72948E-17    0.29091E+03    0.10699E+01    0.11668E+01    0.89535E+02
    0.79359E+00    0.30383E+02    0.28409E+03    0.73045E-17    0.29095E+03    0.10699E+01    0.11667E+01    0.89535E+02
    0.79559E+00    0.30387E+02    0.28413E+03    0.73141E-17    0.29100E+03    0.10698E+01    0.11667E+01    0.89534E+02
    0.79760E+00    0.30391E+02    0.28417E+03    0.73238E-17    0.29104E+03    0.10698E+01    0.11667E+01    0.89534E+02
    0.79960E+00    0.30395E+02    0.28422E+03    0.73334E-17    0.29109E+03    0.10698E+01    0.11666E+01    0.89534E+02
    0.80160E+00    0.30398E+02    0.28426E+03    0.73430E-17    0.29113E+03    0.10698E+01    0.11666E+01    0.89534E+02
    0.80361E+00    0.30402E+02    0.28430E+03    0.73526E-17    0.29117E+03    0.10697E+01    0.11666E+01    0.89533E+02
    0.80561E+00    0.30406E+02    0.28434E+03    0.73622E-17    0.29122E+03    0.10697E+01    0.11666E+01    0.89533E+02
    0.80762E+00    0.30410E+02    0.28439E+03    0.73717E-17    0.29126E+03    0.10697E+01    0.11665E+01    0.89533E+02
    0.80962E+00    0.30413E+02    0.28443E+03    0.73812E-17    0.29130E+03    0.10696E+01    0.11665E+01    0.89533E+02
    0.81162E+00    0.30417E+02    0.28447E+03    0.73907E-17    0.29135E+03    0.10696E+01    0.11665E+01    0.89533E+02
    0.81363E+00    0.30421E+02    0.28451E+03    0.74002E-17    0.29139E+03    0.10696E+01    0.11664E+01    0.89532E+02
    0.81563E+00    0.30424E+02    0.28455E+03    0.74096E-17    0.29143E+03    0.10696E+01    0.11664E+01    0.89532E+02
    0.81764E+00    0.30428E+02    0.28460E+03    0.74191E-17    0.29147E+03    0.10695E+01    0.11664E+01    0.89532E+02
    0.81964E+00    0.30431E+02    0.28464E+03    0.74285E-17    0.29152E+03    0.10695E+01    0.11663E+01    0.89532E+02
    0.82164E+00    0.30435E+02    0.28468E+03    0.74378E-17    0.29156E+03    0.10695E+01    0.11663E+01    0.89532E+02
    0.82365E+00    0.30439E+02    0.28472E+03    0.74472E-17    0.29160E+03    0.10694E+01    0.11663E+01    0.89531E+02
    0.82565E+00    0.30442E+02    0.28476E+03    0.74565E-17    0.29164E+03    0.10694E+01    0.11663E+01    0.89531E+02
    0.82766E+00    0.30446E+02    0.28480E+03    0.74658E-17    0.29169E+03    0.10694E+01    0.11662E+01    0.89531E+02
    0.82966E+00    0.30449E+02    0.28484E+03    0.74751E-17    0.29173E+03    0.10694E+01    0.11662E+01    0.89531E+02
    0.83166E+00    0.30453E+02    0.28488E+03    0.74844E-17    0.29177E+03    0.10693E+01    0.11662E+01    0.89531E+02
    0.83367E+00    0.30456E+02    0.28492E+03    0.74936E-17    0.29181E+03    0.10693E+01    0.11661E+01    0.89530E+02
    0.83567E+00    0.30460E+02    0.28496E+03    0.75028E-17    0.29185E+03    0.10693E+01    0.11661E+01    0.89530E+02
    0.83768E+00    0.30463E+02    0.28500E+03    0.75120E-17    0.29189E+03    0.10692E+01    0.11661E+01    0.89530E+02
    0.83968E+00    0.30467E+02    0.28504E+03    0.75212E-17    0.29193E+03    0.10692E+01    0.11661E+01    0.89530E+02
    0.84168E+00    0.30470E+02    0.28508E+03    0.75303E-17    0.29198E+03    0.10692E+01    0.11660E+01    0.89530E+02
    0.84369E+00    0.30474E+02    0.28512E+03    0.75395E-17    0.29202E+03    0.10692E+01    0.11660E+01    0.89530E+02
    0.84569E+00    0.30477E+02    0.28516E+03    0.75486E-17    0.29206E+03    0.10691E+01    0.11660E+01    0.89529E+02
    0.84770E+00    0.30481E+02    0.28520E+03    0.75576E-17    0.29210E+03    0.10691E+01    0.11660E+01    0.89529E+02
    0.84970E+00    0.30484E+02    0.28524E+03    0.75667E-17    0.29214E+03    0.10691E+01    0.11659E+01    0.89529E+02
    0.85170E+00    0.30488E+02    0.28528E+03    0.75757E-17    0.29218E+03    0.10691E+01    0.11659E+01    0.89529E+02
    0.85371E+00    0.30491E+02    0.28532E+03    0.75848E-17    0.29222E+03    0.10690E+01    0.11659E+01    0.89529E+02
    0.85571E+00    0.30494E+02    0.28536E+03    0.75937E-17    0.29226E+03    0.10690E+01    0.11658E+01    0.89528E+02
    0.85772E+00    0.30498E+02    0.28540E+03    0.76027E-17    0.29230E+03    0.10690E+01    0.11658E+01    0.89528E+02
    0.85972E+00    0.30501E+02    0.28544E+03    0.76117E-17    0.29234E+03    0.10689E+01    0.11658E+01    0.89528E+02
    0.86172E+00    0.30505E+02    0.28547E+03    0.76206E-17    0.29238E+03    0.10689E+01    0.11658E+01    0.89528E+02
    0.86373E+00    0.30508E+02    0.28551E+03    0.76295E-17    0.29242E+03    0.10689E+01    0.11657E+01    0.89528E+02
    0.86573E+00    0.30511E+02    0.28555E+03    0.76384E-17    0.29246E+03    0.10689E+01    0.11657E+01    0.89527E+02
    0.86774E+00    0.30515E+02    0.28559E+03    0.76472E-17    0.29250E+03    0.10688E+01    0.11657E+01    0.89527E+02
    0.86974E+00    0.30518E+02    0.28563E+03    0.76561E-17    0.29254E+03    0.10688E+01    0.11657E+01    0.89527E+02
    0.87174E+00    0.30521E+02    0.28567E+03    0.76649E-17    0.29258E+03    0.10688E+01    0.11656E+01    0.89527E+02
    0.87375E+00    0.30525E+02    0.28570E+03    0.76737E-17    0.29261E+03    0.10688E+01    0.11656E+01    0.89527E+02
    0.87575E+00    0.30528E+02    0.28574E+03    0.76825E-17    0.29265E+03    0.10687E+01    0.11656E+01    0.89527E+02
    0.87776E+00    0.30531E+02    0.28578E+03    0.76912E-17    0.29269E+03    0.10687E+01    0.11656E+01    0.89526E+02
    0.87976E+00    0.30535E+02    0.28582E+03    0.77000E-17    0.29273E+03    0.10687E+01    0.11655E+01    0.89526E+02
    0.88176E+00    0.30538E+02    0.28585E+03    0.77087E-17    0.29277E+03    0.10687E+01    0.11655E+01    0.89526E+02
    0.88377E+00    0.30541E+02    0.28589E+03    0.77174E-17    0.29281E+03    0.10686E+01    0.11655E+01    0.89526E+02
    0.88577E+00    0.30544E+02    0.28593E+03    0.77260E-17    0.29285E+03    0.10686E+01    0.11654E+01    0.89526E+02
    0.88778E+00    0.30548E+02    0.28597E+03    0.77347E-17    0.29288E+03    0.10686E+01    0.11654E+01    0.89525E+02
    0.88978E+00    0.30551E+02    0.28600E+03    0.77433E-17    0.29292E+03    0.10686E+01    0.11654E+01    0.89525E+02
    0.89178E+00    0.30554E+02    0.28604E+03    0.77519E-17    0.29296E+03    0.10685E+01    0.11654E+01    0.89525E+02
    0.89379E+00    0.30557E+02    0.28608E+03    0.77605E-17    0.29300E+03    0.10685E+01    0.11653E+01    0.89525E+02
    0.89579E+00    0.30561E+02    0.28611E+03    0.77691E-17    0.29304E+03    0.10685E+01    0.11653E+01    0.89525E+02
    0.89780E+00    0.30564E+02    0.28615E+03    0.77776E-17    0.29307E+03    0.10685E+01    0.11653E+01    0.89525E+02
    0.89980E+00    0.30567E+02    0.28619E+03    0.77862E-17    0.29311E+03    0.10684E+01    0.11653E+01    0.89524E+02
    0.90180E+00    0.30570E+02    0.28622E+03    0.77947E-17    0.29315E+03    0.10684E+01    0.11652E+01    0.89524E+02
    0.90381E+00    0.30573E+02    0.28626E+03    0.78031E-17    0.29318E+03    0.10684E+01    0.11652E+01    0.89524E+02
    0.90581E+00    0.30576E+02    0.28629E+03    0.78116E-17    0.29322E+03    0.10684E+01    0.11652E+01    0.89524E+02
    0.90782E+00    0.30580E+02    0.28633E+03    0.78200E-17    0.29326E+03    0.10683E+01    0.11652E+01    0.89524E+02
    0.90982E+00    0.30583E+02    0.28637E+03    0.78285E-17    0.29330E+03    0.10683E+01    0.11651E+01    0.89524E+02
    0.91182E+00    0.30586E+02    0.28640E+03    0.78369E-17    0.29333E+03    0.10683E+01    0.11651E+01    0.89523E+02
    0.91383E+00    0.30589E+02    0.28644E+03    0.78453E-17    0.29337E+03    0.10683E+01    0.11651E+01    0.89523E+02
    0.91583E+00    0.30592E+02    0.28647E+03    0.78536E-17    0.29341E+03    0.10683E+01    0.11651E+01    0.89523E+02
    0.91784E+00    0.30595E+02    0.28651E+03    0.78620E-17    0.29344E+03    0.10682E+01    0.11651E+01    0.89523E+02
    0.91984E+00    0.30598E+02    0.28654E+03    0.78703E-17    0.29348E+03    0.10682E+01    0.11650E+01    0.89523E+02
    0.92184E+00    0.30601E+02    0.28658E+03    0.78786E-17    0.29351E+03    0.10682E+01    0.11650E+01    0.89523E+02
    0.92385E+00    0.30604E+02    0.28661E+03    0.78869E-17    0.29355E+03    0.10682E+01    0.11650E+01    0.89522E+02
    0.92585E+00    0.30607E+02    0.28665E+03    0.78951E-17    0.29359E+03    0.10681E+01    0.11650E+01    0.89522E+02
    0.92786E+00    0.30611E+02    0.28668E+03    0.79034E-17    0.29362E+03    0.10681E+01    0.11649E+01    0.89522E+02
    0.92986E+00    0.30614E+02    0.28672E+03    0.79116E-17    0.29366E+03    0.10681E+01    0.11649E+01    0.89522E+02
    0.93186E+00    0.30617E+02    0.28675E+03    0.79198E-17    0.29369E+03    0.10681E+01    0.11649E+01    0.89522E+02
    0.93387E+00    0.30620E+02    0.28679E+03    0.79280E-17    0.29373E+03    0.10680E+01    0.11649E+01    0.89522E+02
    0.93587E+00    0.30623E+02    0.28682E+03    0.79361E-17    0.29376E+03    0.10680E+01    0.11648E+01    0.89521E+02
    0.93788E+00    0.30626E+02    0.28686E+03    0.79443E-17    0.29380E+03    0.10680E+01    0.11648E+01    0.89521E+02
    0.93988E+00    0.30629E+02    0.28689E+03    0.79524E-17    0.29383E+03    0.10680E+01    0.11648E+01    0.89521E+02
    0.94188E+00    0.30632E+02    0.28692E+03    0.79605E-17    0.29387E+03    0.10679E+01    0.11648E+01    0.89521E+02
    0.94389E+00    0.30635E+02    0.28696E+03    0.79686E-17    0.29390E+03    0.10679E+01    0.11647E+01    0.89521E+02
    0.94589E+00    0.30638E+02    0.28699E+03    0.79767E-17    0.29394E+03    0.10679E+01    0.11647E+01    0.89521E+02
    0.94790E+00    0.30641E+02    0.28703E+03    0.79847E-17    0.29397E+03    0.10679E+01    0.11647E+01    0.89520E+02
    0.94990E+00    0.30644E+02    0.28706E+03    0.79928E-17    0.29401E+03    0.10679E+01    0.11647E+01    0.89520E+02
    0.95190E+00    0.30646E+02    0.28709E+03    0.80008E-17    0.29404E+03    0.10678E+01    0.11647E+01    0.89520E+02
    0.95391E+00    0.30649E+02    0.28713E+03    0.80088E-17    0.29408E+03    0.10678E+01    0.11646E+01    0.89520E+02
    0.95591E+00    0.30652E+02    0.28716E+03    0.80167E-17    0.29411E+03    0.10678E+01    0.11646E+01    0.89520E+02
    0.95792E+00    0.30655E+02    0.28719E+03    0.80247E-17    0.29415E+03    0.10678E+01    0.11646E+01    0.89520E+02
    0.95992E+00    0.30658E+02    0.28723E+03    0.80326E-17    0.29418E+03    0.10677E+01    0.11646E+01    0.89519E+02
    0.96192E+00    0.30661E+02    0.28726E+03    0.80405E-17    0.29421E+03    0.10677E+01    0.11645E+01    0.89519E+02
    0.96393E+00    0.30664E+02    0.28729E+03    0.80484E-17    0.29425E+03    0.10677E+01    0.11645E+01    0.89519E+02
    0.96593E+00    0.30667E+02    0.28733E+03    0.80563E-17    0.29428E+03    0.10677E+01    0.11645E+01    0.89519E+02
    0.96794E+00    0.30670E+02    0.28736E+03    0.80642E-17    0.29432E+03    0.10677E+01    0.11645E+01    0.89519E+02
    0.96994E+00    0.30673E+02    0.28739E+03    0.80720E-17    0.29435E+03    0.10676E+01    0.11644E+01    0.89519E+02
    0.97194E+00    0.30675E+02    0.28742E+03    0.80798E-17    0.29438E+03    0.10676E+01    0.11644E+01    0.89519E+02
    0.97395E+00    0.30678E+02    0.28746E+03    0.80876E-17    0.29442E+03    0.10676E+01    0.11644E+01    0.89518E+02
    0.97595E+00    0.30681E+02    0.28749E+03    0.80954E-17    0.29445E+03    0.10676E+01    0.11644E+01    0.89518E+02
    0.97796E+00    0.30684E+02    0.28752E+03    0.81032E-17    0.29448E+03    0.10676E+01    0.11644E+01    0.89518E+02
    0.97996E+00    0.30687E+02    0.28755E+03    0.81109E-17    0.29452E+03    0.10675E+01    0.11643E+01    0.89518E+02
    0.98196E+00    0.30690E+02    0.28759E+03    0.81186E-17    0.29455E+03    0.10675E+01    0.11643E+01    0.89518E+02
    0.98397E+00    0.30692E+02    0.28762E+03    0.81264E-17    0.29458E+03    0.10675E+01    0.11643E+01    0.89518E+02
    0.98597E+00    0.30695E+02    0.28765E+03    0.81341E-17    0.29462E+03    0.10675E+01    0.11643E+01    0.89517E+02
    0.98798E+00    0.30698E+02    0.28768E+03    0.81417E-17    0.29465E+03    0.10674E+01    0.11643E+01    0.89517E+02
    0.98998E+00    0.30701E+02    0.28771E+03    0.81494E-17    0.29468E+03    0.10674E+01    0.11642E+01    0.89517E+02
    0.99198E+00    0.30704E+02    0.28774E+03    0.81570E-17    0.29471E+03    0.10674E+01    0.11642E+01    0.89517E+02
    0.99399E+00    0.30706E+02    0.28778E+03    0.81646E-17    0.29475E+03    0.10674E+01    0.11642E+01    0.89517E+02
    0.99599E+00    0.30709E+02    0.28781E+03    0.81722E-17    0.29478E+03    0.10674E+01    0.11642E+01    0.89517E+02
    0.99800E+00    0.30712E+02    0.28784E+03    0.81798E-17    0.29481E+03    0.10673E+01    0.11641E+01    0.89517E+02
    0.10000E+01    0.30715E+02    0.28787E+03    0.81874E-17    0.29484E+03    0.10673E+01    0.11641E+01    0.89516E+02
 #Jsc:   294.842929774022      W/Vm^{2}
 #Vmax:   1.06732349544764      V
 #Voc:   1.16412506252527      V
 #fr:   1.00000000000000     
 #SLME-max   30.7146274145795      %
 #Thickness:   1.00000000000000      micro m
 #FF   89.5163940675096      %
