 # thickness,pce,jmax,j0,jsc,vmax,voc,ff
    0.00000E+00    0.00000E+00    0.00000E+00    0.00000E+00    0.00000E+00    0.14095E+01    0.14095E+01            NaN
    0.20040E-02    0.21554E+01    0.15390E+02    0.82771E-24    0.15674E+02    0.14010E+01    0.15047E+01    0.91422E+02
    0.40080E-02    0.39854E+01    0.28496E+02    0.16512E-23    0.29022E+02    0.13991E+01    0.15027E+01    0.91413E+02
    0.60120E-02    0.55692E+01    0.39868E+02    0.24706E-23    0.40605E+02    0.13974E+01    0.15010E+01    0.91405E+02
    0.80160E-02    0.69597E+01    0.49878E+02    0.32859E-23    0.50801E+02    0.13958E+01    0.14994E+01    0.91398E+02
    0.10020E-01    0.81943E+01    0.58785E+02    0.40971E-23    0.59875E+02    0.13944E+01    0.14980E+01    0.91392E+02
    0.12024E-01    0.92997E+01    0.66780E+02    0.49043E-23    0.68019E+02    0.13931E+01    0.14966E+01    0.91386E+02
    0.14028E-01    0.10296E+02    0.74003E+02    0.57075E-23    0.75377E+02    0.13918E+01    0.14954E+01    0.91380E+02
    0.16032E-01    0.11200E+02    0.80564E+02    0.65068E-23    0.82062E+02    0.13907E+01    0.14942E+01    0.91374E+02
    0.18036E-01    0.12023E+02    0.86552E+02    0.73022E-23    0.88163E+02    0.13896E+01    0.14930E+01    0.91369E+02
    0.20040E-01    0.12775E+02    0.92038E+02    0.80937E-23    0.93752E+02    0.13885E+01    0.14920E+01    0.91364E+02
    0.22044E-01    0.13465E+02    0.97081E+02    0.88814E-23    0.98889E+02    0.13875E+01    0.14909E+01    0.91360E+02
    0.24048E-01    0.14100E+02    0.10173E+03    0.96654E-23    0.10363E+03    0.13865E+01    0.14900E+01    0.91355E+02
    0.26052E-01    0.14686E+02    0.10603E+03    0.10446E-22    0.10801E+03    0.13856E+01    0.14890E+01    0.91351E+02
    0.28056E-01    0.15228E+02    0.11001E+03    0.11222E-22    0.11206E+03    0.13847E+01    0.14881E+01    0.91347E+02
    0.30060E-01    0.15731E+02    0.11371E+03    0.11995E-22    0.11584E+03    0.13839E+01    0.14873E+01    0.91343E+02
    0.32064E-01    0.16198E+02    0.11716E+03    0.12764E-22    0.11935E+03    0.13831E+01    0.14864E+01    0.91339E+02
    0.34068E-01    0.16632E+02    0.12037E+03    0.13530E-22    0.12262E+03    0.13823E+01    0.14856E+01    0.91335E+02
    0.36072E-01    0.17038E+02    0.12337E+03    0.14292E-22    0.12568E+03    0.13815E+01    0.14848E+01    0.91332E+02
    0.38076E-01    0.17417E+02    0.12618E+03    0.15051E-22    0.12854E+03    0.13808E+01    0.14841E+01    0.91328E+02
    0.40080E-01    0.17772E+02    0.12882E+03    0.15806E-22    0.13123E+03    0.13800E+01    0.14834E+01    0.91325E+02
    0.42084E-01    0.18104E+02    0.13130E+03    0.16558E-22    0.13376E+03    0.13794E+01    0.14826E+01    0.91322E+02
    0.44088E-01    0.18417E+02    0.13363E+03    0.17306E-22    0.13613E+03    0.13787E+01    0.14820E+01    0.91318E+02
    0.46092E-01    0.18711E+02    0.13583E+03    0.18051E-22    0.13837E+03    0.13780E+01    0.14813E+01    0.91315E+02
    0.48096E-01    0.18988E+02    0.13790E+03    0.18792E-22    0.14049E+03    0.13774E+01    0.14806E+01    0.91312E+02
    0.50100E-01    0.19249E+02    0.13986E+03    0.19531E-22    0.14249E+03    0.13768E+01    0.14800E+01    0.91309E+02
    0.52104E-01    0.19496E+02    0.14172E+03    0.20266E-22    0.14438E+03    0.13762E+01    0.14794E+01    0.91307E+02
    0.54108E-01    0.19729E+02    0.14347E+03    0.20998E-22    0.14617E+03    0.13756E+01    0.14788E+01    0.91304E+02
    0.56112E-01    0.19950E+02    0.14514E+03    0.21726E-22    0.14787E+03    0.13750E+01    0.14782E+01    0.91301E+02
    0.58116E-01    0.20160E+02    0.14673E+03    0.22451E-22    0.14949E+03    0.13744E+01    0.14776E+01    0.91299E+02
    0.60120E-01    0.20360E+02    0.14824E+03    0.23174E-22    0.15103E+03    0.13739E+01    0.14771E+01    0.91296E+02
    0.62124E-01    0.20549E+02    0.14968E+03    0.23893E-22    0.15249E+03    0.13734E+01    0.14766E+01    0.91293E+02
    0.64128E-01    0.20729E+02    0.15105E+03    0.24609E-22    0.15389E+03    0.13729E+01    0.14760E+01    0.91291E+02
    0.66132E-01    0.20901E+02    0.15236E+03    0.25322E-22    0.15523E+03    0.13723E+01    0.14755E+01    0.91289E+02
    0.68136E-01    0.21065E+02    0.15361E+03    0.26032E-22    0.15650E+03    0.13719E+01    0.14750E+01    0.91286E+02
    0.70140E-01    0.21222E+02    0.15480E+03    0.26739E-22    0.15772E+03    0.13714E+01    0.14745E+01    0.91284E+02
    0.72144E-01    0.21371E+02    0.15595E+03    0.27442E-22    0.15889E+03    0.13709E+01    0.14740E+01    0.91282E+02
    0.74148E-01    0.21515E+02    0.15704E+03    0.28143E-22    0.16001E+03    0.13704E+01    0.14736E+01    0.91280E+02
    0.76152E-01    0.21652E+02    0.15810E+03    0.28842E-22    0.16108E+03    0.13700E+01    0.14731E+01    0.91277E+02
    0.78156E-01    0.21783E+02    0.15911E+03    0.29537E-22    0.16211E+03    0.13695E+01    0.14727E+01    0.91275E+02
    0.80160E-01    0.21909E+02    0.16008E+03    0.30229E-22    0.16310E+03    0.13691E+01    0.14722E+01    0.91273E+02
    0.82164E-01    0.22030E+02    0.16101E+03    0.30918E-22    0.16405E+03    0.13687E+01    0.14718E+01    0.91271E+02
    0.84168E-01    0.22146E+02    0.16191E+03    0.31605E-22    0.16497E+03    0.13683E+01    0.14714E+01    0.91269E+02
    0.86172E-01    0.22258E+02    0.16278E+03    0.32289E-22    0.16585E+03    0.13679E+01    0.14709E+01    0.91267E+02
    0.88176E-01    0.22366E+02    0.16361E+03    0.32970E-22    0.16671E+03    0.13675E+01    0.14705E+01    0.91265E+02
    0.90180E-01    0.22469E+02    0.16442E+03    0.33648E-22    0.16753E+03    0.13671E+01    0.14701E+01    0.91263E+02
    0.92184E-01    0.22569E+02    0.16519E+03    0.34324E-22    0.16832E+03    0.13667E+01    0.14697E+01    0.91262E+02
    0.94188E-01    0.22665E+02    0.16595E+03    0.34997E-22    0.16908E+03    0.13663E+01    0.14694E+01    0.91260E+02
    0.96192E-01    0.22758E+02    0.16667E+03    0.35667E-22    0.16982E+03    0.13659E+01    0.14690E+01    0.91258E+02
    0.98196E-01    0.22848E+02    0.16737E+03    0.36335E-22    0.17054E+03    0.13656E+01    0.14686E+01    0.91256E+02
    0.10020E+00    0.22935E+02    0.16805E+03    0.37000E-22    0.17123E+03    0.13652E+01    0.14682E+01    0.91255E+02
    0.10220E+00    0.23018E+02    0.16871E+03    0.37662E-22    0.17190E+03    0.13649E+01    0.14679E+01    0.91253E+02
    0.10421E+00    0.23099E+02    0.16934E+03    0.38322E-22    0.17255E+03    0.13645E+01    0.14675E+01    0.91251E+02
    0.10621E+00    0.23178E+02    0.16996E+03    0.38979E-22    0.17318E+03    0.13642E+01    0.14672E+01    0.91250E+02
    0.10822E+00    0.23253E+02    0.17056E+03    0.39634E-22    0.17379E+03    0.13638E+01    0.14668E+01    0.91248E+02
    0.11022E+00    0.23327E+02    0.17114E+03    0.40286E-22    0.17438E+03    0.13635E+01    0.14665E+01    0.91247E+02
    0.11222E+00    0.23398E+02    0.17170E+03    0.40935E-22    0.17496E+03    0.13632E+01    0.14662E+01    0.91245E+02
    0.11423E+00    0.23467E+02    0.17225E+03    0.41583E-22    0.17551E+03    0.13629E+01    0.14659E+01    0.91243E+02
    0.11623E+00    0.23534E+02    0.17278E+03    0.42227E-22    0.17606E+03    0.13626E+01    0.14655E+01    0.91242E+02
    0.11824E+00    0.23599E+02    0.17329E+03    0.42870E-22    0.17658E+03    0.13623E+01    0.14652E+01    0.91240E+02
    0.12024E+00    0.23662E+02    0.17379E+03    0.43510E-22    0.17709E+03    0.13620E+01    0.14649E+01    0.91239E+02
    0.12224E+00    0.23723E+02    0.17428E+03    0.44147E-22    0.17759E+03    0.13617E+01    0.14646E+01    0.91238E+02
    0.12425E+00    0.23783E+02    0.17476E+03    0.44782E-22    0.17808E+03    0.13614E+01    0.14643E+01    0.91236E+02
    0.12625E+00    0.23840E+02    0.17522E+03    0.45415E-22    0.17855E+03    0.13611E+01    0.14640E+01    0.91235E+02
    0.12826E+00    0.23897E+02    0.17567E+03    0.46046E-22    0.17901E+03    0.13608E+01    0.14637E+01    0.91233E+02
    0.13026E+00    0.23951E+02    0.17611E+03    0.46674E-22    0.17945E+03    0.13605E+01    0.14634E+01    0.91232E+02
    0.13226E+00    0.24005E+02    0.17653E+03    0.47299E-22    0.17989E+03    0.13602E+01    0.14632E+01    0.91231E+02
    0.13427E+00    0.24056E+02    0.17695E+03    0.47923E-22    0.18031E+03    0.13600E+01    0.14629E+01    0.91229E+02
    0.13627E+00    0.24107E+02    0.17736E+03    0.48544E-22    0.18073E+03    0.13597E+01    0.14626E+01    0.91228E+02
    0.13828E+00    0.24156E+02    0.17775E+03    0.49163E-22    0.18113E+03    0.13594E+01    0.14623E+01    0.91227E+02
    0.14028E+00    0.24204E+02    0.17814E+03    0.49780E-22    0.18153E+03    0.13592E+01    0.14621E+01    0.91226E+02
    0.14228E+00    0.24250E+02    0.17852E+03    0.50395E-22    0.18191E+03    0.13589E+01    0.14618E+01    0.91224E+02
    0.14429E+00    0.24296E+02    0.17888E+03    0.51007E-22    0.18229E+03    0.13586E+01    0.14616E+01    0.91223E+02
    0.14629E+00    0.24340E+02    0.17924E+03    0.51618E-22    0.18265E+03    0.13584E+01    0.14613E+01    0.91222E+02
    0.14830E+00    0.24383E+02    0.17959E+03    0.52226E-22    0.18301E+03    0.13582E+01    0.14611E+01    0.91221E+02
    0.15030E+00    0.24425E+02    0.17994E+03    0.52832E-22    0.18336E+03    0.13579E+01    0.14608E+01    0.91220E+02
    0.15230E+00    0.24466E+02    0.18027E+03    0.53436E-22    0.18370E+03    0.13577E+01    0.14606E+01    0.91218E+02
    0.15431E+00    0.24507E+02    0.18060E+03    0.54037E-22    0.18404E+03    0.13574E+01    0.14603E+01    0.91217E+02
    0.15631E+00    0.24546E+02    0.18092E+03    0.54637E-22    0.18437E+03    0.13572E+01    0.14601E+01    0.91216E+02
    0.15832E+00    0.24584E+02    0.18123E+03    0.55235E-22    0.18468E+03    0.13570E+01    0.14598E+01    0.91215E+02
    0.16032E+00    0.24622E+02    0.18154E+03    0.55830E-22    0.18500E+03    0.13567E+01    0.14596E+01    0.91214E+02
    0.16232E+00    0.24658E+02    0.18184E+03    0.56424E-22    0.18530E+03    0.13565E+01    0.14594E+01    0.91213E+02
    0.16433E+00    0.24694E+02    0.18213E+03    0.57015E-22    0.18560E+03    0.13563E+01    0.14591E+01    0.91212E+02
    0.16633E+00    0.24729E+02    0.18242E+03    0.57604E-22    0.18590E+03    0.13561E+01    0.14589E+01    0.91211E+02
    0.16834E+00    0.24763E+02    0.18270E+03    0.58192E-22    0.18618E+03    0.13558E+01    0.14587E+01    0.91210E+02
    0.17034E+00    0.24796E+02    0.18297E+03    0.58777E-22    0.18646E+03    0.13556E+01    0.14585E+01    0.91209E+02
    0.17234E+00    0.24829E+02    0.18324E+03    0.59361E-22    0.18674E+03    0.13554E+01    0.14583E+01    0.91208E+02
    0.17435E+00    0.24861E+02    0.18351E+03    0.59942E-22    0.18701E+03    0.13552E+01    0.14580E+01    0.91207E+02
    0.17635E+00    0.24892E+02    0.18377E+03    0.60522E-22    0.18727E+03    0.13550E+01    0.14578E+01    0.91206E+02
    0.17836E+00    0.24923E+02    0.18402E+03    0.61100E-22    0.18753E+03    0.13548E+01    0.14576E+01    0.91205E+02
    0.18036E+00    0.24952E+02    0.18427E+03    0.61675E-22    0.18779E+03    0.13546E+01    0.14574E+01    0.91204E+02
    0.18236E+00    0.24982E+02    0.18451E+03    0.62249E-22    0.18804E+03    0.13544E+01    0.14572E+01    0.91203E+02
    0.18437E+00    0.25010E+02    0.18475E+03    0.62821E-22    0.18828E+03    0.13542E+01    0.14570E+01    0.91202E+02
    0.18637E+00    0.25039E+02    0.18499E+03    0.63391E-22    0.18852E+03    0.13540E+01    0.14568E+01    0.91201E+02
    0.18838E+00    0.25066E+02    0.18522E+03    0.63960E-22    0.18875E+03    0.13538E+01    0.14566E+01    0.91200E+02
    0.19038E+00    0.25093E+02    0.18544E+03    0.64526E-22    0.18899E+03    0.13536E+01    0.14564E+01    0.91199E+02
    0.19238E+00    0.25120E+02    0.18566E+03    0.65091E-22    0.18921E+03    0.13534E+01    0.14562E+01    0.91198E+02
    0.19439E+00    0.25145E+02    0.18588E+03    0.65653E-22    0.18943E+03    0.13532E+01    0.14560E+01    0.91197E+02
    0.19639E+00    0.25171E+02    0.18610E+03    0.66214E-22    0.18965E+03    0.13530E+01    0.14558E+01    0.91196E+02
    0.19840E+00    0.25196E+02    0.18631E+03    0.66773E-22    0.18987E+03    0.13528E+01    0.14556E+01    0.91195E+02
    0.20040E+00    0.25220E+02    0.18651E+03    0.67331E-22    0.19008E+03    0.13527E+01    0.14555E+01    0.91194E+02
    0.20240E+00    0.25244E+02    0.18671E+03    0.67886E-22    0.19028E+03    0.13525E+01    0.14553E+01    0.91193E+02
    0.20441E+00    0.25268E+02    0.18691E+03    0.68440E-22    0.19048E+03    0.13523E+01    0.14551E+01    0.91193E+02
    0.20641E+00    0.25291E+02    0.18711E+03    0.68992E-22    0.19068E+03    0.13521E+01    0.14549E+01    0.91192E+02
    0.20842E+00    0.25313E+02    0.18730E+03    0.69543E-22    0.19088E+03    0.13520E+01    0.14547E+01    0.91191E+02
    0.21042E+00    0.25335E+02    0.18749E+03    0.70091E-22    0.19107E+03    0.13518E+01    0.14546E+01    0.91190E+02
    0.21242E+00    0.25357E+02    0.18767E+03    0.70638E-22    0.19126E+03    0.13516E+01    0.14544E+01    0.91189E+02
    0.21443E+00    0.25379E+02    0.18785E+03    0.71184E-22    0.19145E+03    0.13514E+01    0.14542E+01    0.91188E+02
    0.21643E+00    0.25400E+02    0.18803E+03    0.71727E-22    0.19163E+03    0.13513E+01    0.14540E+01    0.91187E+02
    0.21844E+00    0.25420E+02    0.18821E+03    0.72269E-22    0.19181E+03    0.13511E+01    0.14539E+01    0.91187E+02
    0.22044E+00    0.25440E+02    0.18838E+03    0.72809E-22    0.19199E+03    0.13509E+01    0.14537E+01    0.91186E+02
    0.22244E+00    0.25460E+02    0.18855E+03    0.73348E-22    0.19216E+03    0.13508E+01    0.14535E+01    0.91185E+02
    0.22445E+00    0.25480E+02    0.18872E+03    0.73885E-22    0.19233E+03    0.13506E+01    0.14534E+01    0.91184E+02
    0.22645E+00    0.25499E+02    0.18888E+03    0.74420E-22    0.19250E+03    0.13504E+01    0.14532E+01    0.91183E+02
    0.22846E+00    0.25518E+02    0.18905E+03    0.74954E-22    0.19267E+03    0.13503E+01    0.14530E+01    0.91183E+02
    0.23046E+00    0.25536E+02    0.18921E+03    0.75486E-22    0.19283E+03    0.13501E+01    0.14529E+01    0.91182E+02
    0.23246E+00    0.25555E+02    0.18936E+03    0.76016E-22    0.19299E+03    0.13500E+01    0.14527E+01    0.91181E+02
    0.23447E+00    0.25573E+02    0.18952E+03    0.76545E-22    0.19315E+03    0.13498E+01    0.14526E+01    0.91180E+02
    0.23647E+00    0.25590E+02    0.18967E+03    0.77072E-22    0.19330E+03    0.13497E+01    0.14524E+01    0.91180E+02
    0.23848E+00    0.25608E+02    0.18982E+03    0.77598E-22    0.19345E+03    0.13495E+01    0.14522E+01    0.91179E+02
    0.24048E+00    0.25625E+02    0.18997E+03    0.78122E-22    0.19361E+03    0.13494E+01    0.14521E+01    0.91178E+02
    0.24248E+00    0.25641E+02    0.19011E+03    0.78645E-22    0.19375E+03    0.13492E+01    0.14519E+01    0.91177E+02
    0.24449E+00    0.25658E+02    0.19025E+03    0.79166E-22    0.19390E+03    0.13491E+01    0.14518E+01    0.91177E+02
    0.24649E+00    0.25674E+02    0.19040E+03    0.79685E-22    0.19404E+03    0.13489E+01    0.14516E+01    0.91176E+02
    0.24850E+00    0.25690E+02    0.19053E+03    0.80203E-22    0.19419E+03    0.13488E+01    0.14515E+01    0.91175E+02
    0.25050E+00    0.25706E+02    0.19067E+03    0.80720E-22    0.19433E+03    0.13486E+01    0.14513E+01    0.91175E+02
    0.25251E+00    0.25721E+02    0.19081E+03    0.81235E-22    0.19446E+03    0.13485E+01    0.14512E+01    0.91174E+02
    0.25451E+00    0.25736E+02    0.19094E+03    0.81748E-22    0.19460E+03    0.13483E+01    0.14511E+01    0.91173E+02
    0.25651E+00    0.25751E+02    0.19107E+03    0.82260E-22    0.19473E+03    0.13482E+01    0.14509E+01    0.91173E+02
    0.25852E+00    0.25766E+02    0.19120E+03    0.82770E-22    0.19487E+03    0.13481E+01    0.14508E+01    0.91172E+02
    0.26052E+00    0.25780E+02    0.19133E+03    0.83280E-22    0.19500E+03    0.13479E+01    0.14506E+01    0.91171E+02
    0.26253E+00    0.25795E+02    0.19145E+03    0.83787E-22    0.19512E+03    0.13478E+01    0.14505E+01    0.91170E+02
    0.26453E+00    0.25809E+02    0.19157E+03    0.84293E-22    0.19525E+03    0.13476E+01    0.14503E+01    0.91170E+02
    0.26653E+00    0.25823E+02    0.19170E+03    0.84798E-22    0.19537E+03    0.13475E+01    0.14502E+01    0.91169E+02
    0.26854E+00    0.25836E+02    0.19182E+03    0.85301E-22    0.19550E+03    0.13474E+01    0.14501E+01    0.91169E+02
    0.27054E+00    0.25850E+02    0.19194E+03    0.85803E-22    0.19562E+03    0.13472E+01    0.14499E+01    0.91168E+02
    0.27255E+00    0.25863E+02    0.19205E+03    0.86303E-22    0.19574E+03    0.13471E+01    0.14498E+01    0.91167E+02
    0.27455E+00    0.25876E+02    0.19217E+03    0.86802E-22    0.19586E+03    0.13470E+01    0.14497E+01    0.91167E+02
    0.27655E+00    0.25889E+02    0.19228E+03    0.87300E-22    0.19597E+03    0.13469E+01    0.14495E+01    0.91166E+02
    0.27856E+00    0.25901E+02    0.19240E+03    0.87796E-22    0.19609E+03    0.13467E+01    0.14494E+01    0.91165E+02
    0.28056E+00    0.25914E+02    0.19251E+03    0.88291E-22    0.19620E+03    0.13466E+01    0.14493E+01    0.91165E+02
    0.28257E+00    0.25926E+02    0.19262E+03    0.88785E-22    0.19631E+03    0.13465E+01    0.14491E+01    0.91164E+02
    0.28457E+00    0.25938E+02    0.19272E+03    0.89277E-22    0.19642E+03    0.13463E+01    0.14490E+01    0.91163E+02
    0.28657E+00    0.25950E+02    0.19283E+03    0.89767E-22    0.19653E+03    0.13462E+01    0.14489E+01    0.91163E+02
    0.28858E+00    0.25962E+02    0.19294E+03    0.90257E-22    0.19664E+03    0.13461E+01    0.14488E+01    0.91162E+02
    0.29058E+00    0.25974E+02    0.19304E+03    0.90745E-22    0.19675E+03    0.13460E+01    0.14486E+01    0.91162E+02
    0.29259E+00    0.25985E+02    0.19314E+03    0.91232E-22    0.19685E+03    0.13458E+01    0.14485E+01    0.91161E+02
    0.29459E+00    0.25997E+02    0.19324E+03    0.91717E-22    0.19696E+03    0.13457E+01    0.14484E+01    0.91160E+02
    0.29659E+00    0.26008E+02    0.19334E+03    0.92201E-22    0.19706E+03    0.13456E+01    0.14483E+01    0.91160E+02
    0.29860E+00    0.26019E+02    0.19344E+03    0.92684E-22    0.19716E+03    0.13455E+01    0.14481E+01    0.91159E+02
    0.30060E+00    0.26030E+02    0.19354E+03    0.93165E-22    0.19726E+03    0.13454E+01    0.14480E+01    0.91159E+02
    0.30261E+00    0.26040E+02    0.19364E+03    0.93645E-22    0.19736E+03    0.13452E+01    0.14479E+01    0.91158E+02
    0.30461E+00    0.26051E+02    0.19373E+03    0.94124E-22    0.19746E+03    0.13451E+01    0.14478E+01    0.91158E+02
    0.30661E+00    0.26061E+02    0.19383E+03    0.94602E-22    0.19755E+03    0.13450E+01    0.14477E+01    0.91157E+02
    0.30862E+00    0.26072E+02    0.19392E+03    0.95078E-22    0.19765E+03    0.13449E+01    0.14476E+01    0.91156E+02
    0.31062E+00    0.26082E+02    0.19401E+03    0.95553E-22    0.19774E+03    0.13448E+01    0.14474E+01    0.91156E+02
    0.31263E+00    0.26092E+02    0.19410E+03    0.96027E-22    0.19784E+03    0.13447E+01    0.14473E+01    0.91155E+02
    0.31463E+00    0.26102E+02    0.19419E+03    0.96499E-22    0.19793E+03    0.13446E+01    0.14472E+01    0.91155E+02
    0.31663E+00    0.26111E+02    0.19428E+03    0.96970E-22    0.19802E+03    0.13444E+01    0.14471E+01    0.91154E+02
    0.31864E+00    0.26121E+02    0.19437E+03    0.97440E-22    0.19811E+03    0.13443E+01    0.14470E+01    0.91154E+02
    0.32064E+00    0.26131E+02    0.19446E+03    0.97909E-22    0.19820E+03    0.13442E+01    0.14469E+01    0.91153E+02
    0.32265E+00    0.26140E+02    0.19454E+03    0.98377E-22    0.19829E+03    0.13441E+01    0.14468E+01    0.91153E+02
    0.32465E+00    0.26149E+02    0.19463E+03    0.98843E-22    0.19837E+03    0.13440E+01    0.14466E+01    0.91152E+02
    0.32665E+00    0.26159E+02    0.19471E+03    0.99308E-22    0.19846E+03    0.13439E+01    0.14465E+01    0.91152E+02
    0.32866E+00    0.26168E+02    0.19480E+03    0.99772E-22    0.19854E+03    0.13438E+01    0.14464E+01    0.91151E+02
    0.33066E+00    0.26177E+02    0.19488E+03    0.10023E-21    0.19863E+03    0.13437E+01    0.14463E+01    0.91150E+02
    0.33267E+00    0.26186E+02    0.19496E+03    0.10070E-21    0.19871E+03    0.13436E+01    0.14462E+01    0.91150E+02
    0.33467E+00    0.26194E+02    0.19504E+03    0.10116E-21    0.19879E+03    0.13435E+01    0.14461E+01    0.91149E+02
    0.33667E+00    0.26203E+02    0.19512E+03    0.10162E-21    0.19887E+03    0.13434E+01    0.14460E+01    0.91149E+02
    0.33868E+00    0.26211E+02    0.19520E+03    0.10207E-21    0.19896E+03    0.13433E+01    0.14459E+01    0.91148E+02
    0.34068E+00    0.26220E+02    0.19528E+03    0.10253E-21    0.19904E+03    0.13432E+01    0.14458E+01    0.91148E+02
    0.34269E+00    0.26228E+02    0.19535E+03    0.10299E-21    0.19911E+03    0.13431E+01    0.14457E+01    0.91147E+02
    0.34469E+00    0.26237E+02    0.19543E+03    0.10344E-21    0.19919E+03    0.13430E+01    0.14456E+01    0.91147E+02
    0.34669E+00    0.26245E+02    0.19551E+03    0.10389E-21    0.19927E+03    0.13429E+01    0.14455E+01    0.91146E+02
    0.34870E+00    0.26253E+02    0.19558E+03    0.10435E-21    0.19935E+03    0.13428E+01    0.14454E+01    0.91146E+02
    0.35070E+00    0.26261E+02    0.19565E+03    0.10480E-21    0.19942E+03    0.13427E+01    0.14453E+01    0.91145E+02
    0.35271E+00    0.26269E+02    0.19573E+03    0.10525E-21    0.19950E+03    0.13426E+01    0.14452E+01    0.91145E+02
    0.35471E+00    0.26276E+02    0.19580E+03    0.10569E-21    0.19957E+03    0.13425E+01    0.14451E+01    0.91144E+02
    0.35671E+00    0.26284E+02    0.19587E+03    0.10614E-21    0.19964E+03    0.13424E+01    0.14450E+01    0.91144E+02
    0.35872E+00    0.26292E+02    0.19594E+03    0.10659E-21    0.19972E+03    0.13423E+01    0.14449E+01    0.91143E+02
    0.36072E+00    0.26299E+02    0.19601E+03    0.10703E-21    0.19979E+03    0.13422E+01    0.14448E+01    0.91143E+02
    0.36273E+00    0.26307E+02    0.19608E+03    0.10748E-21    0.19986E+03    0.13421E+01    0.14447E+01    0.91143E+02
    0.36473E+00    0.26314E+02    0.19615E+03    0.10792E-21    0.19993E+03    0.13420E+01    0.14446E+01    0.91142E+02
    0.36673E+00    0.26321E+02    0.19622E+03    0.10836E-21    0.20000E+03    0.13419E+01    0.14445E+01    0.91142E+02
    0.36874E+00    0.26329E+02    0.19629E+03    0.10880E-21    0.20007E+03    0.13418E+01    0.14444E+01    0.91141E+02
    0.37074E+00    0.26336E+02    0.19635E+03    0.10924E-21    0.20014E+03    0.13417E+01    0.14443E+01    0.91141E+02
    0.37275E+00    0.26343E+02    0.19642E+03    0.10968E-21    0.20021E+03    0.13416E+01    0.14442E+01    0.91140E+02
    0.37475E+00    0.26350E+02    0.19649E+03    0.11012E-21    0.20027E+03    0.13415E+01    0.14441E+01    0.91140E+02
    0.37675E+00    0.26357E+02    0.19655E+03    0.11056E-21    0.20034E+03    0.13414E+01    0.14440E+01    0.91139E+02
    0.37876E+00    0.26364E+02    0.19662E+03    0.11099E-21    0.20041E+03    0.13413E+01    0.14439E+01    0.91139E+02
    0.38076E+00    0.26371E+02    0.19668E+03    0.11143E-21    0.20047E+03    0.13412E+01    0.14438E+01    0.91138E+02
    0.38277E+00    0.26377E+02    0.19674E+03    0.11186E-21    0.20054E+03    0.13411E+01    0.14437E+01    0.91138E+02
    0.38477E+00    0.26384E+02    0.19681E+03    0.11229E-21    0.20060E+03    0.13411E+01    0.14436E+01    0.91138E+02
    0.38677E+00    0.26390E+02    0.19687E+03    0.11272E-21    0.20066E+03    0.13410E+01    0.14435E+01    0.91137E+02
    0.38878E+00    0.26397E+02    0.19693E+03    0.11315E-21    0.20073E+03    0.13409E+01    0.14435E+01    0.91137E+02
    0.39078E+00    0.26403E+02    0.19699E+03    0.11358E-21    0.20079E+03    0.13408E+01    0.14434E+01    0.91136E+02
    0.39279E+00    0.26410E+02    0.19705E+03    0.11401E-21    0.20085E+03    0.13407E+01    0.14433E+01    0.91136E+02
    0.39479E+00    0.26416E+02    0.19711E+03    0.11444E-21    0.20091E+03    0.13406E+01    0.14432E+01    0.91135E+02
    0.39679E+00    0.26422E+02    0.19717E+03    0.11486E-21    0.20097E+03    0.13405E+01    0.14431E+01    0.91135E+02
    0.39880E+00    0.26429E+02    0.19723E+03    0.11529E-21    0.20103E+03    0.13404E+01    0.14430E+01    0.91134E+02
    0.40080E+00    0.26435E+02    0.19729E+03    0.11571E-21    0.20109E+03    0.13404E+01    0.14429E+01    0.91134E+02
    0.40281E+00    0.26441E+02    0.19735E+03    0.11614E-21    0.20115E+03    0.13403E+01    0.14428E+01    0.91134E+02
    0.40481E+00    0.26447E+02    0.19740E+03    0.11656E-21    0.20121E+03    0.13402E+01    0.14427E+01    0.91133E+02
    0.40681E+00    0.26453E+02    0.19746E+03    0.11698E-21    0.20127E+03    0.13401E+01    0.14427E+01    0.91133E+02
    0.40882E+00    0.26459E+02    0.19752E+03    0.11740E-21    0.20133E+03    0.13400E+01    0.14426E+01    0.91132E+02
    0.41082E+00    0.26465E+02    0.19757E+03    0.11782E-21    0.20139E+03    0.13399E+01    0.14425E+01    0.91132E+02
    0.41283E+00    0.26471E+02    0.19763E+03    0.11824E-21    0.20144E+03    0.13399E+01    0.14424E+01    0.91132E+02
    0.41483E+00    0.26476E+02    0.19769E+03    0.11865E-21    0.20150E+03    0.13398E+01    0.14423E+01    0.91131E+02
    0.41683E+00    0.26482E+02    0.19774E+03    0.11907E-21    0.20156E+03    0.13397E+01    0.14422E+01    0.91131E+02
    0.41884E+00    0.26488E+02    0.19779E+03    0.11949E-21    0.20161E+03    0.13396E+01    0.14422E+01    0.91130E+02
    0.42084E+00    0.26493E+02    0.19785E+03    0.11990E-21    0.20167E+03    0.13395E+01    0.14421E+01    0.91130E+02
    0.42285E+00    0.26499E+02    0.19790E+03    0.12031E-21    0.20172E+03    0.13394E+01    0.14420E+01    0.91130E+02
    0.42485E+00    0.26504E+02    0.19795E+03    0.12073E-21    0.20178E+03    0.13394E+01    0.14419E+01    0.91129E+02
    0.42685E+00    0.26510E+02    0.19801E+03    0.12114E-21    0.20183E+03    0.13393E+01    0.14418E+01    0.91129E+02
    0.42886E+00    0.26515E+02    0.19806E+03    0.12155E-21    0.20188E+03    0.13392E+01    0.14418E+01    0.91128E+02
    0.43086E+00    0.26521E+02    0.19811E+03    0.12196E-21    0.20194E+03    0.13391E+01    0.14417E+01    0.91128E+02
    0.43287E+00    0.26526E+02    0.19816E+03    0.12236E-21    0.20199E+03    0.13391E+01    0.14416E+01    0.91128E+02
    0.43487E+00    0.26531E+02    0.19821E+03    0.12277E-21    0.20204E+03    0.13390E+01    0.14415E+01    0.91127E+02
    0.43687E+00    0.26536E+02    0.19826E+03    0.12318E-21    0.20209E+03    0.13389E+01    0.14414E+01    0.91127E+02
    0.43888E+00    0.26542E+02    0.19831E+03    0.12358E-21    0.20214E+03    0.13388E+01    0.14414E+01    0.91126E+02
    0.44088E+00    0.26547E+02    0.19836E+03    0.12399E-21    0.20219E+03    0.13387E+01    0.14413E+01    0.91126E+02
    0.44289E+00    0.26552E+02    0.19841E+03    0.12439E-21    0.20224E+03    0.13387E+01    0.14412E+01    0.91126E+02
    0.44489E+00    0.26557E+02    0.19846E+03    0.12480E-21    0.20229E+03    0.13386E+01    0.14411E+01    0.91125E+02
    0.44689E+00    0.26562E+02    0.19851E+03    0.12520E-21    0.20234E+03    0.13385E+01    0.14410E+01    0.91125E+02
    0.44890E+00    0.26567E+02    0.19856E+03    0.12560E-21    0.20239E+03    0.13384E+01    0.14410E+01    0.91125E+02
    0.45090E+00    0.26572E+02    0.19861E+03    0.12600E-21    0.20244E+03    0.13384E+01    0.14409E+01    0.91124E+02
    0.45291E+00    0.26577E+02    0.19865E+03    0.12640E-21    0.20249E+03    0.13383E+01    0.14408E+01    0.91124E+02
    0.45491E+00    0.26581E+02    0.19870E+03    0.12680E-21    0.20254E+03    0.13382E+01    0.14407E+01    0.91124E+02
    0.45691E+00    0.26586E+02    0.19875E+03    0.12719E-21    0.20259E+03    0.13381E+01    0.14407E+01    0.91123E+02
    0.45892E+00    0.26591E+02    0.19879E+03    0.12759E-21    0.20263E+03    0.13381E+01    0.14406E+01    0.91123E+02
    0.46092E+00    0.26596E+02    0.19884E+03    0.12799E-21    0.20268E+03    0.13380E+01    0.14405E+01    0.91122E+02
    0.46293E+00    0.26600E+02    0.19889E+03    0.12838E-21    0.20273E+03    0.13379E+01    0.14404E+01    0.91122E+02
    0.46493E+00    0.26605E+02    0.19893E+03    0.12878E-21    0.20278E+03    0.13379E+01    0.14404E+01    0.91122E+02
    0.46693E+00    0.26610E+02    0.19898E+03    0.12917E-21    0.20282E+03    0.13378E+01    0.14403E+01    0.91121E+02
    0.46894E+00    0.26614E+02    0.19902E+03    0.12956E-21    0.20287E+03    0.13377E+01    0.14402E+01    0.91121E+02
    0.47094E+00    0.26619E+02    0.19907E+03    0.12995E-21    0.20291E+03    0.13376E+01    0.14402E+01    0.91121E+02
    0.47295E+00    0.26623E+02    0.19911E+03    0.13034E-21    0.20296E+03    0.13376E+01    0.14401E+01    0.91120E+02
    0.47495E+00    0.26628E+02    0.19915E+03    0.13073E-21    0.20300E+03    0.13375E+01    0.14400E+01    0.91120E+02
    0.47695E+00    0.26632E+02    0.19920E+03    0.13112E-21    0.20305E+03    0.13374E+01    0.14399E+01    0.91120E+02
    0.47896E+00    0.26637E+02    0.19924E+03    0.13151E-21    0.20309E+03    0.13374E+01    0.14399E+01    0.91119E+02
    0.48096E+00    0.26641E+02    0.19928E+03    0.13190E-21    0.20314E+03    0.13373E+01    0.14398E+01    0.91119E+02
    0.48297E+00    0.26645E+02    0.19933E+03    0.13228E-21    0.20318E+03    0.13372E+01    0.14397E+01    0.91119E+02
    0.48497E+00    0.26650E+02    0.19937E+03    0.13267E-21    0.20322E+03    0.13372E+01    0.14397E+01    0.91118E+02
    0.48697E+00    0.26654E+02    0.19941E+03    0.13305E-21    0.20327E+03    0.13371E+01    0.14396E+01    0.91118E+02
    0.48898E+00    0.26658E+02    0.19945E+03    0.13343E-21    0.20331E+03    0.13370E+01    0.14395E+01    0.91118E+02
    0.49098E+00    0.26663E+02    0.19950E+03    0.13382E-21    0.20335E+03    0.13370E+01    0.14395E+01    0.91117E+02
    0.49299E+00    0.26667E+02    0.19954E+03    0.13420E-21    0.20340E+03    0.13369E+01    0.14394E+01    0.91117E+02
    0.49499E+00    0.26671E+02    0.19958E+03    0.13458E-21    0.20344E+03    0.13368E+01    0.14393E+01    0.91117E+02
    0.49699E+00    0.26675E+02    0.19962E+03    0.13496E-21    0.20348E+03    0.13368E+01    0.14392E+01    0.91116E+02
    0.49900E+00    0.26679E+02    0.19966E+03    0.13534E-21    0.20352E+03    0.13367E+01    0.14392E+01    0.91116E+02
    0.50100E+00    0.26683E+02    0.19970E+03    0.13572E-21    0.20356E+03    0.13366E+01    0.14391E+01    0.91116E+02
    0.50301E+00    0.26687E+02    0.19974E+03    0.13610E-21    0.20360E+03    0.13366E+01    0.14390E+01    0.91115E+02
    0.50501E+00    0.26691E+02    0.19978E+03    0.13647E-21    0.20364E+03    0.13365E+01    0.14390E+01    0.91115E+02
    0.50701E+00    0.26695E+02    0.19982E+03    0.13685E-21    0.20368E+03    0.13364E+01    0.14389E+01    0.91115E+02
    0.50902E+00    0.26699E+02    0.19986E+03    0.13723E-21    0.20372E+03    0.13364E+01    0.14388E+01    0.91114E+02
    0.51102E+00    0.26703E+02    0.19990E+03    0.13760E-21    0.20376E+03    0.13363E+01    0.14388E+01    0.91114E+02
    0.51303E+00    0.26707E+02    0.19994E+03    0.13797E-21    0.20380E+03    0.13362E+01    0.14387E+01    0.91114E+02
    0.51503E+00    0.26711E+02    0.19998E+03    0.13835E-21    0.20384E+03    0.13362E+01    0.14387E+01    0.91113E+02
    0.51703E+00    0.26715E+02    0.20001E+03    0.13872E-21    0.20388E+03    0.13361E+01    0.14386E+01    0.91113E+02
    0.51904E+00    0.26719E+02    0.20005E+03    0.13909E-21    0.20392E+03    0.13360E+01    0.14385E+01    0.91113E+02
    0.52104E+00    0.26722E+02    0.20009E+03    0.13946E-21    0.20396E+03    0.13360E+01    0.14385E+01    0.91112E+02
    0.52305E+00    0.26726E+02    0.20013E+03    0.13983E-21    0.20400E+03    0.13359E+01    0.14384E+01    0.91112E+02
    0.52505E+00    0.26730E+02    0.20016E+03    0.14020E-21    0.20404E+03    0.13359E+01    0.14383E+01    0.91112E+02
    0.52705E+00    0.26734E+02    0.20020E+03    0.14057E-21    0.20408E+03    0.13358E+01    0.14383E+01    0.91112E+02
    0.52906E+00    0.26737E+02    0.20024E+03    0.14094E-21    0.20411E+03    0.13357E+01    0.14382E+01    0.91111E+02
    0.53106E+00    0.26741E+02    0.20028E+03    0.14130E-21    0.20415E+03    0.13357E+01    0.14381E+01    0.91111E+02
    0.53307E+00    0.26745E+02    0.20031E+03    0.14167E-21    0.20419E+03    0.13356E+01    0.14381E+01    0.91111E+02
    0.53507E+00    0.26748E+02    0.20035E+03    0.14203E-21    0.20423E+03    0.13355E+01    0.14380E+01    0.91110E+02
    0.53707E+00    0.26752E+02    0.20038E+03    0.14240E-21    0.20426E+03    0.13355E+01    0.14380E+01    0.91110E+02
    0.53908E+00    0.26756E+02    0.20042E+03    0.14276E-21    0.20430E+03    0.13354E+01    0.14379E+01    0.91110E+02
    0.54108E+00    0.26759E+02    0.20046E+03    0.14312E-21    0.20434E+03    0.13354E+01    0.14378E+01    0.91109E+02
    0.54309E+00    0.26763E+02    0.20049E+03    0.14349E-21    0.20437E+03    0.13353E+01    0.14378E+01    0.91109E+02
    0.54509E+00    0.26766E+02    0.20053E+03    0.14385E-21    0.20441E+03    0.13352E+01    0.14377E+01    0.91109E+02
    0.54709E+00    0.26770E+02    0.20056E+03    0.14421E-21    0.20444E+03    0.13352E+01    0.14377E+01    0.91109E+02
    0.54910E+00    0.26773E+02    0.20060E+03    0.14457E-21    0.20448E+03    0.13351E+01    0.14376E+01    0.91108E+02
    0.55110E+00    0.26777E+02    0.20063E+03    0.14493E-21    0.20452E+03    0.13351E+01    0.14375E+01    0.91108E+02
    0.55311E+00    0.26780E+02    0.20067E+03    0.14529E-21    0.20455E+03    0.13350E+01    0.14375E+01    0.91108E+02
    0.55511E+00    0.26783E+02    0.20070E+03    0.14564E-21    0.20459E+03    0.13350E+01    0.14374E+01    0.91107E+02
    0.55711E+00    0.26787E+02    0.20073E+03    0.14600E-21    0.20462E+03    0.13349E+01    0.14374E+01    0.91107E+02
    0.55912E+00    0.26790E+02    0.20077E+03    0.14636E-21    0.20466E+03    0.13348E+01    0.14373E+01    0.91107E+02
    0.56112E+00    0.26794E+02    0.20080E+03    0.14671E-21    0.20469E+03    0.13348E+01    0.14372E+01    0.91107E+02
    0.56313E+00    0.26797E+02    0.20084E+03    0.14707E-21    0.20473E+03    0.13347E+01    0.14372E+01    0.91106E+02
    0.56513E+00    0.26800E+02    0.20087E+03    0.14742E-21    0.20476E+03    0.13347E+01    0.14371E+01    0.91106E+02
    0.56713E+00    0.26803E+02    0.20090E+03    0.14777E-21    0.20479E+03    0.13346E+01    0.14371E+01    0.91106E+02
    0.56914E+00    0.26807E+02    0.20093E+03    0.14813E-21    0.20483E+03    0.13346E+01    0.14370E+01    0.91105E+02
    0.57114E+00    0.26810E+02    0.20097E+03    0.14848E-21    0.20486E+03    0.13345E+01    0.14370E+01    0.91105E+02
    0.57315E+00    0.26813E+02    0.20100E+03    0.14883E-21    0.20489E+03    0.13344E+01    0.14369E+01    0.91105E+02
    0.57515E+00    0.26816E+02    0.20103E+03    0.14918E-21    0.20493E+03    0.13344E+01    0.14368E+01    0.91105E+02
    0.57715E+00    0.26820E+02    0.20106E+03    0.14953E-21    0.20496E+03    0.13343E+01    0.14368E+01    0.91104E+02
    0.57916E+00    0.26823E+02    0.20110E+03    0.14988E-21    0.20499E+03    0.13343E+01    0.14367E+01    0.91104E+02
    0.58116E+00    0.26826E+02    0.20113E+03    0.15023E-21    0.20503E+03    0.13342E+01    0.14367E+01    0.91104E+02
    0.58317E+00    0.26829E+02    0.20116E+03    0.15058E-21    0.20506E+03    0.13342E+01    0.14366E+01    0.91104E+02
    0.58517E+00    0.26832E+02    0.20119E+03    0.15092E-21    0.20509E+03    0.13341E+01    0.14366E+01    0.91103E+02
    0.58717E+00    0.26835E+02    0.20122E+03    0.15127E-21    0.20512E+03    0.13341E+01    0.14365E+01    0.91103E+02
    0.58918E+00    0.26838E+02    0.20126E+03    0.15161E-21    0.20516E+03    0.13340E+01    0.14365E+01    0.91103E+02
    0.59118E+00    0.26842E+02    0.20129E+03    0.15196E-21    0.20519E+03    0.13340E+01    0.14364E+01    0.91102E+02
    0.59319E+00    0.26845E+02    0.20132E+03    0.15230E-21    0.20522E+03    0.13339E+01    0.14363E+01    0.91102E+02
    0.59519E+00    0.26848E+02    0.20135E+03    0.15265E-21    0.20525E+03    0.13338E+01    0.14363E+01    0.91102E+02
    0.59719E+00    0.26851E+02    0.20138E+03    0.15299E-21    0.20528E+03    0.13338E+01    0.14362E+01    0.91102E+02
    0.59920E+00    0.26854E+02    0.20141E+03    0.15333E-21    0.20531E+03    0.13337E+01    0.14362E+01    0.91101E+02
    0.60120E+00    0.26857E+02    0.20144E+03    0.15367E-21    0.20534E+03    0.13337E+01    0.14361E+01    0.91101E+02
    0.60321E+00    0.26860E+02    0.20147E+03    0.15401E-21    0.20538E+03    0.13336E+01    0.14361E+01    0.91101E+02
    0.60521E+00    0.26863E+02    0.20150E+03    0.15435E-21    0.20541E+03    0.13336E+01    0.14360E+01    0.91101E+02
    0.60721E+00    0.26865E+02    0.20153E+03    0.15469E-21    0.20544E+03    0.13335E+01    0.14360E+01    0.91100E+02
    0.60922E+00    0.26868E+02    0.20156E+03    0.15503E-21    0.20547E+03    0.13335E+01    0.14359E+01    0.91100E+02
    0.61122E+00    0.26871E+02    0.20159E+03    0.15537E-21    0.20550E+03    0.13334E+01    0.14359E+01    0.91100E+02
    0.61323E+00    0.26874E+02    0.20162E+03    0.15571E-21    0.20553E+03    0.13334E+01    0.14358E+01    0.91100E+02
    0.61523E+00    0.26877E+02    0.20165E+03    0.15604E-21    0.20556E+03    0.13333E+01    0.14358E+01    0.91099E+02
    0.61723E+00    0.26880E+02    0.20168E+03    0.15638E-21    0.20559E+03    0.13333E+01    0.14357E+01    0.91099E+02
    0.61924E+00    0.26883E+02    0.20171E+03    0.15672E-21    0.20562E+03    0.13332E+01    0.14357E+01    0.91099E+02
    0.62124E+00    0.26886E+02    0.20173E+03    0.15705E-21    0.20565E+03    0.13332E+01    0.14356E+01    0.91099E+02
    0.62325E+00    0.26888E+02    0.20176E+03    0.15738E-21    0.20568E+03    0.13331E+01    0.14356E+01    0.91098E+02
    0.62525E+00    0.26891E+02    0.20179E+03    0.15772E-21    0.20571E+03    0.13331E+01    0.14355E+01    0.91098E+02
    0.62725E+00    0.26894E+02    0.20182E+03    0.15805E-21    0.20573E+03    0.13330E+01    0.14355E+01    0.91098E+02
    0.62926E+00    0.26897E+02    0.20185E+03    0.15838E-21    0.20576E+03    0.13330E+01    0.14354E+01    0.91098E+02
    0.63126E+00    0.26900E+02    0.20188E+03    0.15871E-21    0.20579E+03    0.13329E+01    0.14353E+01    0.91097E+02
    0.63327E+00    0.26902E+02    0.20191E+03    0.15904E-21    0.20582E+03    0.13329E+01    0.14353E+01    0.91097E+02
    0.63527E+00    0.26905E+02    0.20193E+03    0.15937E-21    0.20585E+03    0.13328E+01    0.14352E+01    0.91097E+02
    0.63727E+00    0.26908E+02    0.20196E+03    0.15970E-21    0.20588E+03    0.13328E+01    0.14352E+01    0.91097E+02
    0.63928E+00    0.26910E+02    0.20199E+03    0.16003E-21    0.20591E+03    0.13327E+01    0.14351E+01    0.91096E+02
    0.64128E+00    0.26913E+02    0.20202E+03    0.16036E-21    0.20594E+03    0.13327E+01    0.14351E+01    0.91096E+02
    0.64329E+00    0.26916E+02    0.20204E+03    0.16069E-21    0.20596E+03    0.13326E+01    0.14351E+01    0.91096E+02
    0.64529E+00    0.26919E+02    0.20207E+03    0.16102E-21    0.20599E+03    0.13326E+01    0.14350E+01    0.91096E+02
    0.64729E+00    0.26921E+02    0.20210E+03    0.16134E-21    0.20602E+03    0.13325E+01    0.14350E+01    0.91095E+02
    0.64930E+00    0.26924E+02    0.20213E+03    0.16167E-21    0.20605E+03    0.13325E+01    0.14349E+01    0.91095E+02
    0.65130E+00    0.26926E+02    0.20215E+03    0.16199E-21    0.20607E+03    0.13324E+01    0.14349E+01    0.91095E+02
    0.65331E+00    0.26929E+02    0.20218E+03    0.16232E-21    0.20610E+03    0.13324E+01    0.14348E+01    0.91095E+02
    0.65531E+00    0.26932E+02    0.20221E+03    0.16264E-21    0.20613E+03    0.13323E+01    0.14348E+01    0.91094E+02
    0.65731E+00    0.26934E+02    0.20223E+03    0.16296E-21    0.20616E+03    0.13323E+01    0.14347E+01    0.91094E+02
    0.65932E+00    0.26937E+02    0.20226E+03    0.16329E-21    0.20618E+03    0.13323E+01    0.14347E+01    0.91094E+02
    0.66132E+00    0.26939E+02    0.20228E+03    0.16361E-21    0.20621E+03    0.13322E+01    0.14346E+01    0.91094E+02
    0.66333E+00    0.26942E+02    0.20231E+03    0.16393E-21    0.20624E+03    0.13322E+01    0.14346E+01    0.91094E+02
    0.66533E+00    0.26944E+02    0.20234E+03    0.16425E-21    0.20626E+03    0.13321E+01    0.14345E+01    0.91093E+02
    0.66733E+00    0.26947E+02    0.20236E+03    0.16457E-21    0.20629E+03    0.13321E+01    0.14345E+01    0.91093E+02
    0.66934E+00    0.26949E+02    0.20239E+03    0.16489E-21    0.20632E+03    0.13320E+01    0.14344E+01    0.91093E+02
    0.67134E+00    0.26952E+02    0.20241E+03    0.16521E-21    0.20634E+03    0.13320E+01    0.14344E+01    0.91093E+02
    0.67335E+00    0.26954E+02    0.20244E+03    0.16553E-21    0.20637E+03    0.13319E+01    0.14343E+01    0.91092E+02
    0.67535E+00    0.26957E+02    0.20247E+03    0.16585E-21    0.20640E+03    0.13319E+01    0.14343E+01    0.91092E+02
    0.67735E+00    0.26959E+02    0.20249E+03    0.16616E-21    0.20642E+03    0.13318E+01    0.14342E+01    0.91092E+02
    0.67936E+00    0.26962E+02    0.20252E+03    0.16648E-21    0.20645E+03    0.13318E+01    0.14342E+01    0.91092E+02
    0.68136E+00    0.26964E+02    0.20254E+03    0.16680E-21    0.20647E+03    0.13317E+01    0.14342E+01    0.91091E+02
    0.68337E+00    0.26967E+02    0.20257E+03    0.16711E-21    0.20650E+03    0.13317E+01    0.14341E+01    0.91091E+02
    0.68537E+00    0.26969E+02    0.20259E+03    0.16743E-21    0.20652E+03    0.13317E+01    0.14341E+01    0.91091E+02
    0.68737E+00    0.26972E+02    0.20262E+03    0.16774E-21    0.20655E+03    0.13316E+01    0.14340E+01    0.91091E+02
    0.68938E+00    0.26974E+02    0.20264E+03    0.16805E-21    0.20658E+03    0.13316E+01    0.14340E+01    0.91091E+02
    0.69138E+00    0.26976E+02    0.20267E+03    0.16837E-21    0.20660E+03    0.13315E+01    0.14339E+01    0.91090E+02
    0.69339E+00    0.26979E+02    0.20269E+03    0.16868E-21    0.20663E+03    0.13315E+01    0.14339E+01    0.91090E+02
    0.69539E+00    0.26981E+02    0.20272E+03    0.16899E-21    0.20665E+03    0.13314E+01    0.14338E+01    0.91090E+02
    0.69739E+00    0.26983E+02    0.20274E+03    0.16930E-21    0.20668E+03    0.13314E+01    0.14338E+01    0.91090E+02
    0.69940E+00    0.26986E+02    0.20276E+03    0.16961E-21    0.20670E+03    0.13314E+01    0.14337E+01    0.91090E+02
    0.70140E+00    0.26988E+02    0.20279E+03    0.16992E-21    0.20673E+03    0.13313E+01    0.14337E+01    0.91089E+02
    0.70341E+00    0.26990E+02    0.20281E+03    0.17023E-21    0.20675E+03    0.13313E+01    0.14337E+01    0.91089E+02
    0.70541E+00    0.26993E+02    0.20284E+03    0.17054E-21    0.20678E+03    0.13312E+01    0.14336E+01    0.91089E+02
    0.70741E+00    0.26995E+02    0.20286E+03    0.17085E-21    0.20680E+03    0.13312E+01    0.14336E+01    0.91089E+02
    0.70942E+00    0.26997E+02    0.20288E+03    0.17116E-21    0.20682E+03    0.13311E+01    0.14335E+01    0.91088E+02
    0.71142E+00    0.27000E+02    0.20291E+03    0.17147E-21    0.20685E+03    0.13311E+01    0.14335E+01    0.91088E+02
    0.71343E+00    0.27002E+02    0.20293E+03    0.17177E-21    0.20687E+03    0.13311E+01    0.14334E+01    0.91088E+02
    0.71543E+00    0.27004E+02    0.20295E+03    0.17208E-21    0.20690E+03    0.13310E+01    0.14334E+01    0.91088E+02
    0.71743E+00    0.27006E+02    0.20298E+03    0.17238E-21    0.20692E+03    0.13310E+01    0.14334E+01    0.91088E+02
    0.71944E+00    0.27009E+02    0.20300E+03    0.17269E-21    0.20694E+03    0.13309E+01    0.14333E+01    0.91087E+02
    0.72144E+00    0.27011E+02    0.20302E+03    0.17299E-21    0.20697E+03    0.13309E+01    0.14333E+01    0.91087E+02
    0.72345E+00    0.27013E+02    0.20305E+03    0.17330E-21    0.20699E+03    0.13308E+01    0.14332E+01    0.91087E+02
    0.72545E+00    0.27015E+02    0.20307E+03    0.17360E-21    0.20702E+03    0.13308E+01    0.14332E+01    0.91087E+02
    0.72745E+00    0.27018E+02    0.20309E+03    0.17390E-21    0.20704E+03    0.13308E+01    0.14331E+01    0.91087E+02
    0.72946E+00    0.27020E+02    0.20312E+03    0.17421E-21    0.20706E+03    0.13307E+01    0.14331E+01    0.91086E+02
    0.73146E+00    0.27022E+02    0.20314E+03    0.17451E-21    0.20709E+03    0.13307E+01    0.14331E+01    0.91086E+02
    0.73347E+00    0.27024E+02    0.20316E+03    0.17481E-21    0.20711E+03    0.13306E+01    0.14330E+01    0.91086E+02
    0.73547E+00    0.27026E+02    0.20318E+03    0.17511E-21    0.20713E+03    0.13306E+01    0.14330E+01    0.91086E+02
    0.73747E+00    0.27029E+02    0.20321E+03    0.17541E-21    0.20715E+03    0.13306E+01    0.14329E+01    0.91086E+02
    0.73948E+00    0.27031E+02    0.20323E+03    0.17571E-21    0.20718E+03    0.13305E+01    0.14329E+01    0.91085E+02
    0.74148E+00    0.27033E+02    0.20325E+03    0.17601E-21    0.20720E+03    0.13305E+01    0.14329E+01    0.91085E+02
    0.74349E+00    0.27035E+02    0.20327E+03    0.17631E-21    0.20722E+03    0.13304E+01    0.14328E+01    0.91085E+02
    0.74549E+00    0.27037E+02    0.20330E+03    0.17660E-21    0.20725E+03    0.13304E+01    0.14328E+01    0.91085E+02
    0.74749E+00    0.27039E+02    0.20332E+03    0.17690E-21    0.20727E+03    0.13304E+01    0.14327E+01    0.91085E+02
    0.74950E+00    0.27041E+02    0.20334E+03    0.17720E-21    0.20729E+03    0.13303E+01    0.14327E+01    0.91084E+02
    0.75150E+00    0.27043E+02    0.20336E+03    0.17749E-21    0.20731E+03    0.13303E+01    0.14326E+01    0.91084E+02
    0.75351E+00    0.27046E+02    0.20338E+03    0.17779E-21    0.20734E+03    0.13302E+01    0.14326E+01    0.91084E+02
    0.75551E+00    0.27048E+02    0.20340E+03    0.17808E-21    0.20736E+03    0.13302E+01    0.14326E+01    0.91084E+02
    0.75752E+00    0.27050E+02    0.20343E+03    0.17838E-21    0.20738E+03    0.13302E+01    0.14325E+01    0.91084E+02
    0.75952E+00    0.27052E+02    0.20345E+03    0.17867E-21    0.20740E+03    0.13301E+01    0.14325E+01    0.91083E+02
    0.76152E+00    0.27054E+02    0.20347E+03    0.17897E-21    0.20742E+03    0.13301E+01    0.14324E+01    0.91083E+02
    0.76353E+00    0.27056E+02    0.20349E+03    0.17926E-21    0.20745E+03    0.13300E+01    0.14324E+01    0.91083E+02
    0.76553E+00    0.27058E+02    0.20351E+03    0.17955E-21    0.20747E+03    0.13300E+01    0.14324E+01    0.91083E+02
    0.76754E+00    0.27060E+02    0.20353E+03    0.17984E-21    0.20749E+03    0.13300E+01    0.14323E+01    0.91083E+02
    0.76954E+00    0.27062E+02    0.20355E+03    0.18014E-21    0.20751E+03    0.13299E+01    0.14323E+01    0.91082E+02
    0.77154E+00    0.27064E+02    0.20358E+03    0.18043E-21    0.20753E+03    0.13299E+01    0.14323E+01    0.91082E+02
    0.77355E+00    0.27066E+02    0.20360E+03    0.18072E-21    0.20755E+03    0.13298E+01    0.14322E+01    0.91082E+02
    0.77555E+00    0.27068E+02    0.20362E+03    0.18101E-21    0.20758E+03    0.13298E+01    0.14322E+01    0.91082E+02
    0.77756E+00    0.27070E+02    0.20364E+03    0.18130E-21    0.20760E+03    0.13298E+01    0.14321E+01    0.91082E+02
    0.77956E+00    0.27072E+02    0.20366E+03    0.18159E-21    0.20762E+03    0.13297E+01    0.14321E+01    0.91081E+02
    0.78156E+00    0.27074E+02    0.20368E+03    0.18187E-21    0.20764E+03    0.13297E+01    0.14321E+01    0.91081E+02
    0.78357E+00    0.27076E+02    0.20370E+03    0.18216E-21    0.20766E+03    0.13297E+01    0.14320E+01    0.91081E+02
    0.78557E+00    0.27078E+02    0.20372E+03    0.18245E-21    0.20768E+03    0.13296E+01    0.14320E+01    0.91081E+02
    0.78758E+00    0.27080E+02    0.20374E+03    0.18274E-21    0.20770E+03    0.13296E+01    0.14319E+01    0.91081E+02
    0.78958E+00    0.27082E+02    0.20376E+03    0.18302E-21    0.20772E+03    0.13295E+01    0.14319E+01    0.91081E+02
    0.79158E+00    0.27084E+02    0.20378E+03    0.18331E-21    0.20774E+03    0.13295E+01    0.14319E+01    0.91080E+02
    0.79359E+00    0.27086E+02    0.20380E+03    0.18359E-21    0.20776E+03    0.13295E+01    0.14318E+01    0.91080E+02
    0.79559E+00    0.27088E+02    0.20382E+03    0.18388E-21    0.20779E+03    0.13294E+01    0.14318E+01    0.91080E+02
    0.79760E+00    0.27090E+02    0.20384E+03    0.18416E-21    0.20781E+03    0.13294E+01    0.14318E+01    0.91080E+02
    0.79960E+00    0.27091E+02    0.20386E+03    0.18445E-21    0.20783E+03    0.13294E+01    0.14317E+01    0.91080E+02
    0.80160E+00    0.27093E+02    0.20388E+03    0.18473E-21    0.20785E+03    0.13293E+01    0.14317E+01    0.91079E+02
    0.80361E+00    0.27095E+02    0.20390E+03    0.18501E-21    0.20787E+03    0.13293E+01    0.14316E+01    0.91079E+02
    0.80561E+00    0.27097E+02    0.20392E+03    0.18529E-21    0.20789E+03    0.13293E+01    0.14316E+01    0.91079E+02
    0.80762E+00    0.27099E+02    0.20394E+03    0.18558E-21    0.20791E+03    0.13292E+01    0.14316E+01    0.91079E+02
    0.80962E+00    0.27101E+02    0.20396E+03    0.18586E-21    0.20793E+03    0.13292E+01    0.14315E+01    0.91079E+02
    0.81162E+00    0.27103E+02    0.20398E+03    0.18614E-21    0.20795E+03    0.13291E+01    0.14315E+01    0.91079E+02
    0.81363E+00    0.27105E+02    0.20400E+03    0.18642E-21    0.20797E+03    0.13291E+01    0.14315E+01    0.91078E+02
    0.81563E+00    0.27106E+02    0.20402E+03    0.18670E-21    0.20799E+03    0.13291E+01    0.14314E+01    0.91078E+02
    0.81764E+00    0.27108E+02    0.20404E+03    0.18698E-21    0.20801E+03    0.13290E+01    0.14314E+01    0.91078E+02
    0.81964E+00    0.27110E+02    0.20406E+03    0.18726E-21    0.20803E+03    0.13290E+01    0.14314E+01    0.91078E+02
    0.82164E+00    0.27112E+02    0.20408E+03    0.18754E-21    0.20805E+03    0.13290E+01    0.14313E+01    0.91078E+02
    0.82365E+00    0.27114E+02    0.20410E+03    0.18781E-21    0.20807E+03    0.13289E+01    0.14313E+01    0.91077E+02
    0.82565E+00    0.27116E+02    0.20412E+03    0.18809E-21    0.20809E+03    0.13289E+01    0.14312E+01    0.91077E+02
    0.82766E+00    0.27117E+02    0.20413E+03    0.18837E-21    0.20811E+03    0.13289E+01    0.14312E+01    0.91077E+02
    0.82966E+00    0.27119E+02    0.20415E+03    0.18864E-21    0.20813E+03    0.13288E+01    0.14312E+01    0.91077E+02
    0.83166E+00    0.27121E+02    0.20417E+03    0.18892E-21    0.20814E+03    0.13288E+01    0.14311E+01    0.91077E+02
    0.83367E+00    0.27123E+02    0.20419E+03    0.18920E-21    0.20816E+03    0.13288E+01    0.14311E+01    0.91077E+02
    0.83567E+00    0.27125E+02    0.20421E+03    0.18947E-21    0.20818E+03    0.13287E+01    0.14311E+01    0.91076E+02
    0.83768E+00    0.27126E+02    0.20423E+03    0.18975E-21    0.20820E+03    0.13287E+01    0.14310E+01    0.91076E+02
    0.83968E+00    0.27128E+02    0.20425E+03    0.19002E-21    0.20822E+03    0.13287E+01    0.14310E+01    0.91076E+02
    0.84168E+00    0.27130E+02    0.20427E+03    0.19029E-21    0.20824E+03    0.13286E+01    0.14310E+01    0.91076E+02
    0.84369E+00    0.27132E+02    0.20428E+03    0.19057E-21    0.20826E+03    0.13286E+01    0.14309E+01    0.91076E+02
    0.84569E+00    0.27134E+02    0.20430E+03    0.19084E-21    0.20828E+03    0.13286E+01    0.14309E+01    0.91076E+02
    0.84770E+00    0.27135E+02    0.20432E+03    0.19111E-21    0.20830E+03    0.13285E+01    0.14309E+01    0.91075E+02
    0.84970E+00    0.27137E+02    0.20434E+03    0.19138E-21    0.20832E+03    0.13285E+01    0.14308E+01    0.91075E+02
    0.85170E+00    0.27139E+02    0.20436E+03    0.19165E-21    0.20833E+03    0.13285E+01    0.14308E+01    0.91075E+02
    0.85371E+00    0.27140E+02    0.20438E+03    0.19193E-21    0.20835E+03    0.13284E+01    0.14308E+01    0.91075E+02
    0.85571E+00    0.27142E+02    0.20439E+03    0.19220E-21    0.20837E+03    0.13284E+01    0.14307E+01    0.91075E+02
    0.85772E+00    0.27144E+02    0.20441E+03    0.19247E-21    0.20839E+03    0.13284E+01    0.14307E+01    0.91075E+02
    0.85972E+00    0.27146E+02    0.20443E+03    0.19274E-21    0.20841E+03    0.13283E+01    0.14307E+01    0.91074E+02
    0.86172E+00    0.27147E+02    0.20445E+03    0.19300E-21    0.20843E+03    0.13283E+01    0.14306E+01    0.91074E+02
    0.86373E+00    0.27149E+02    0.20447E+03    0.19327E-21    0.20845E+03    0.13283E+01    0.14306E+01    0.91074E+02
    0.86573E+00    0.27151E+02    0.20448E+03    0.19354E-21    0.20846E+03    0.13282E+01    0.14306E+01    0.91074E+02
    0.86774E+00    0.27152E+02    0.20450E+03    0.19381E-21    0.20848E+03    0.13282E+01    0.14305E+01    0.91074E+02
    0.86974E+00    0.27154E+02    0.20452E+03    0.19408E-21    0.20850E+03    0.13282E+01    0.14305E+01    0.91074E+02
    0.87174E+00    0.27156E+02    0.20454E+03    0.19434E-21    0.20852E+03    0.13281E+01    0.14305E+01    0.91073E+02
    0.87375E+00    0.27158E+02    0.20456E+03    0.19461E-21    0.20854E+03    0.13281E+01    0.14304E+01    0.91073E+02
    0.87575E+00    0.27159E+02    0.20457E+03    0.19487E-21    0.20855E+03    0.13281E+01    0.14304E+01    0.91073E+02
    0.87776E+00    0.27161E+02    0.20459E+03    0.19514E-21    0.20857E+03    0.13280E+01    0.14304E+01    0.91073E+02
    0.87976E+00    0.27162E+02    0.20461E+03    0.19540E-21    0.20859E+03    0.13280E+01    0.14303E+01    0.91073E+02
    0.88176E+00    0.27164E+02    0.20463E+03    0.19567E-21    0.20861E+03    0.13280E+01    0.14303E+01    0.91073E+02
    0.88377E+00    0.27166E+02    0.20464E+03    0.19593E-21    0.20863E+03    0.13279E+01    0.14303E+01    0.91072E+02
    0.88577E+00    0.27167E+02    0.20466E+03    0.19620E-21    0.20864E+03    0.13279E+01    0.14302E+01    0.91072E+02
    0.88778E+00    0.27169E+02    0.20468E+03    0.19646E-21    0.20866E+03    0.13279E+01    0.14302E+01    0.91072E+02
    0.88978E+00    0.27171E+02    0.20469E+03    0.19672E-21    0.20868E+03    0.13278E+01    0.14302E+01    0.91072E+02
    0.89178E+00    0.27172E+02    0.20471E+03    0.19699E-21    0.20870E+03    0.13278E+01    0.14301E+01    0.91072E+02
    0.89379E+00    0.27174E+02    0.20473E+03    0.19725E-21    0.20871E+03    0.13278E+01    0.14301E+01    0.91072E+02
    0.89579E+00    0.27176E+02    0.20475E+03    0.19751E-21    0.20873E+03    0.13277E+01    0.14301E+01    0.91071E+02
    0.89780E+00    0.27177E+02    0.20476E+03    0.19777E-21    0.20875E+03    0.13277E+01    0.14300E+01    0.91071E+02
    0.89980E+00    0.27179E+02    0.20478E+03    0.19803E-21    0.20877E+03    0.13277E+01    0.14300E+01    0.91071E+02
    0.90180E+00    0.27180E+02    0.20480E+03    0.19829E-21    0.20878E+03    0.13276E+01    0.14300E+01    0.91071E+02
    0.90381E+00    0.27182E+02    0.20481E+03    0.19855E-21    0.20880E+03    0.13276E+01    0.14299E+01    0.91071E+02
    0.90581E+00    0.27184E+02    0.20483E+03    0.19881E-21    0.20882E+03    0.13276E+01    0.14299E+01    0.91071E+02
    0.90782E+00    0.27185E+02    0.20485E+03    0.19907E-21    0.20884E+03    0.13276E+01    0.14299E+01    0.91071E+02
    0.90982E+00    0.27187E+02    0.20486E+03    0.19933E-21    0.20885E+03    0.13275E+01    0.14298E+01    0.91070E+02
    0.91182E+00    0.27188E+02    0.20488E+03    0.19958E-21    0.20887E+03    0.13275E+01    0.14298E+01    0.91070E+02
    0.91383E+00    0.27190E+02    0.20490E+03    0.19984E-21    0.20889E+03    0.13275E+01    0.14298E+01    0.91070E+02
    0.91583E+00    0.27191E+02    0.20491E+03    0.20010E-21    0.20890E+03    0.13274E+01    0.14297E+01    0.91070E+02
    0.91784E+00    0.27193E+02    0.20493E+03    0.20035E-21    0.20892E+03    0.13274E+01    0.14297E+01    0.91070E+02
    0.91984E+00    0.27195E+02    0.20495E+03    0.20061E-21    0.20894E+03    0.13274E+01    0.14297E+01    0.91070E+02
    0.92184E+00    0.27196E+02    0.20496E+03    0.20087E-21    0.20895E+03    0.13273E+01    0.14297E+01    0.91069E+02
    0.92385E+00    0.27198E+02    0.20498E+03    0.20112E-21    0.20897E+03    0.13273E+01    0.14296E+01    0.91069E+02
    0.92585E+00    0.27199E+02    0.20499E+03    0.20138E-21    0.20899E+03    0.13273E+01    0.14296E+01    0.91069E+02
    0.92786E+00    0.27201E+02    0.20501E+03    0.20163E-21    0.20900E+03    0.13272E+01    0.14296E+01    0.91069E+02
    0.92986E+00    0.27202E+02    0.20503E+03    0.20189E-21    0.20902E+03    0.13272E+01    0.14295E+01    0.91069E+02
    0.93186E+00    0.27204E+02    0.20504E+03    0.20214E-21    0.20904E+03    0.13272E+01    0.14295E+01    0.91069E+02
    0.93387E+00    0.27205E+02    0.20506E+03    0.20239E-21    0.20905E+03    0.13272E+01    0.14295E+01    0.91069E+02
    0.93587E+00    0.27207E+02    0.20507E+03    0.20265E-21    0.20907E+03    0.13271E+01    0.14294E+01    0.91068E+02
    0.93788E+00    0.27208E+02    0.20509E+03    0.20290E-21    0.20909E+03    0.13271E+01    0.14294E+01    0.91068E+02
    0.93988E+00    0.27210E+02    0.20511E+03    0.20315E-21    0.20910E+03    0.13271E+01    0.14294E+01    0.91068E+02
    0.94188E+00    0.27211E+02    0.20512E+03    0.20340E-21    0.20912E+03    0.13270E+01    0.14294E+01    0.91068E+02
    0.94389E+00    0.27213E+02    0.20514E+03    0.20365E-21    0.20913E+03    0.13270E+01    0.14293E+01    0.91068E+02
    0.94589E+00    0.27214E+02    0.20515E+03    0.20390E-21    0.20915E+03    0.13270E+01    0.14293E+01    0.91068E+02
    0.94790E+00    0.27216E+02    0.20517E+03    0.20415E-21    0.20917E+03    0.13270E+01    0.14293E+01    0.91068E+02
    0.94990E+00    0.27217E+02    0.20519E+03    0.20440E-21    0.20918E+03    0.13269E+01    0.14292E+01    0.91067E+02
    0.95190E+00    0.27219E+02    0.20520E+03    0.20465E-21    0.20920E+03    0.13269E+01    0.14292E+01    0.91067E+02
    0.95391E+00    0.27220E+02    0.20522E+03    0.20490E-21    0.20921E+03    0.13269E+01    0.14292E+01    0.91067E+02
    0.95591E+00    0.27222E+02    0.20523E+03    0.20515E-21    0.20923E+03    0.13268E+01    0.14291E+01    0.91067E+02
    0.95792E+00    0.27223E+02    0.20525E+03    0.20540E-21    0.20925E+03    0.13268E+01    0.14291E+01    0.91067E+02
    0.95992E+00    0.27225E+02    0.20526E+03    0.20565E-21    0.20926E+03    0.13268E+01    0.14291E+01    0.91067E+02
    0.96192E+00    0.27226E+02    0.20528E+03    0.20590E-21    0.20928E+03    0.13267E+01    0.14291E+01    0.91067E+02
    0.96393E+00    0.27227E+02    0.20529E+03    0.20614E-21    0.20929E+03    0.13267E+01    0.14290E+01    0.91066E+02
    0.96593E+00    0.27229E+02    0.20531E+03    0.20639E-21    0.20931E+03    0.13267E+01    0.14290E+01    0.91066E+02
    0.96794E+00    0.27230E+02    0.20532E+03    0.20664E-21    0.20932E+03    0.13267E+01    0.14290E+01    0.91066E+02
    0.96994E+00    0.27232E+02    0.20534E+03    0.20688E-21    0.20934E+03    0.13266E+01    0.14289E+01    0.91066E+02
    0.97194E+00    0.27233E+02    0.20535E+03    0.20713E-21    0.20936E+03    0.13266E+01    0.14289E+01    0.91066E+02
    0.97395E+00    0.27235E+02    0.20537E+03    0.20737E-21    0.20937E+03    0.13266E+01    0.14289E+01    0.91066E+02
    0.97595E+00    0.27236E+02    0.20538E+03    0.20762E-21    0.20939E+03    0.13266E+01    0.14289E+01    0.91066E+02
    0.97796E+00    0.27237E+02    0.20540E+03    0.20786E-21    0.20940E+03    0.13265E+01    0.14288E+01    0.91065E+02
    0.97996E+00    0.27239E+02    0.20541E+03    0.20811E-21    0.20942E+03    0.13265E+01    0.14288E+01    0.91065E+02
    0.98196E+00    0.27240E+02    0.20543E+03    0.20835E-21    0.20943E+03    0.13265E+01    0.14288E+01    0.91065E+02
    0.98397E+00    0.27242E+02    0.20544E+03    0.20859E-21    0.20945E+03    0.13264E+01    0.14287E+01    0.91065E+02
    0.98597E+00    0.27243E+02    0.20546E+03    0.20884E-21    0.20946E+03    0.13264E+01    0.14287E+01    0.91065E+02
    0.98798E+00    0.27244E+02    0.20547E+03    0.20908E-21    0.20948E+03    0.13264E+01    0.14287E+01    0.91065E+02
    0.98998E+00    0.27246E+02    0.20549E+03    0.20932E-21    0.20949E+03    0.13264E+01    0.14287E+01    0.91065E+02
    0.99198E+00    0.27247E+02    0.20550E+03    0.20956E-21    0.20951E+03    0.13263E+01    0.14286E+01    0.91064E+02
    0.99399E+00    0.27249E+02    0.20552E+03    0.20980E-21    0.20952E+03    0.13263E+01    0.14286E+01    0.91064E+02
    0.99599E+00    0.27250E+02    0.20553E+03    0.21004E-21    0.20954E+03    0.13263E+01    0.14286E+01    0.91064E+02
    0.99800E+00    0.27251E+02    0.20555E+03    0.21028E-21    0.20955E+03    0.13262E+01    0.14285E+01    0.91064E+02
    0.10000E+01    0.27253E+02    0.20556E+03    0.21052E-21    0.20957E+03    0.13262E+01    0.14285E+01    0.91064E+02
 #Jsc:   209.568627476604      W/Vm^{2}
 #Vmax:   1.32621994167566      V
 #Voc:   1.42851638942957      V
 #fr:   1.00000000000000     
 #SLME-max   27.2527209676859      %
 #Thickness:   1.00000000000000      micro m
 #FF   91.0638606842265      %
